390
8
16
26
30
42
57
68
83
93
98
104
119
120
122
124
135
140
142
144
155
162
170
171
175
181
190
195
198
228
230
234
238
245
248
249
255
263
267
268
279
280
291
311
317
330
332
337
341
352
359
363
365
367
378
385
388
395
397
429
432
434
441
446
461
465
468
477
478
488
494
499
514
519
535
539
541
548
552
554
559
564
572
577
583
590
594
613
625
629
633
646
652
655
656
662
668
672
673
674
675
692
694
708
713
714
731
740
744
745
749
753
764
769
777
786
787
799
802
813
823
824
825
826
835
837
846
855
864
867
876
877
884
888
904
910
920
923
928
953
955
957
968
975
984
986
996
997
998
1001
1002
1007
1036
1043
1062
1063
1088
1089
1093
1096
1101
1102
1107
1113
1121
1134
1137
1139
1143
1146
1147
1149
1153
1159
1163
1164
1177
1178
1189
1190
1192
1206
1207
1208
1220
1221
1225
1226
1229
1246
1253
1254
1264
1278
1294
1306
1309
1314
1322
1331
1335
1342
1343
1344
1346
1356
1357
1360
1374
1396
1399
1400
1414
1421
1434
1435
1445
1448
1449
1461
1463
1474
1484
1485
1500
1502
1513
1517
1521
1562
1564
1570
1571
1582
1584
1585
1589
1592
1596
1602
1604
1613
1622
1627
1643
1649
1663
1666
1669
1677
1681
1691
1695
1696
1712
1717
1718
1728
1729
1731
1732
1733
1736
1739
1743
1764
1765
1773
1776
1788
1808
1810
1811
1818
1828
1832
1842
1843
1844
1858
1860
1868
1869
1876
1887
1892
1901
1922
1928
1939
1959
1964
1965
1988
1992
1993
2001
2006
2007
2012
2039
2045
2049
2051
2059
2070
2071
2095
2108
2117
2120
2124
2126
2128
2129
2137
2143
2145
2151
2176
2201
2205
2207
2218
2227
2231
2235
2255
2269
2271
2275
2276
2282
2290
2292
2303
2306
2312
2313
2317
2319
2328
2332
2333
2335
2338
2339
2343
2349
2351
2361
2365
2366
2372
2373
2379
2381
2394
2395
2399
2403
2409
2412
2416
2436
2447
2455
2465
2470
2473
2484
2488
2489
2494
2500
2507
2510
2512
2513
2514
2516
2520
2522
2532
2543
2550
2561
2569
2589
2603
2623
9
5
23
32
57
81
83
107
122
146
