502
14
17
18
19
35
38
44
45
50
55
60
61
63
65
69
71
75
88
94
95
99
101
103
107
110
114
124
133
143
157
158
159
162
167
172
175
191
198
212
218
224
225
227
237
239
243
265
274
275
281
283
298
299
305
307
309
311
313
316
318
330
334
335
337
338
341
344
353
357
359
364
368
372
373
374
375
377
380
389
398
400
401
403
405
406
409
421
424
425
433
435
436
445
454
455
456
458
461
462
465
476
484
487
503
510
516
520
523
525
529
535
536
558
576
595
610
612
614
637
640
646
653
656
663
664
665
677
685
686
689
696
705
706
708
710
711
713
725
732
733
738
739
748
760
765
768
776
778
782
783
791
800
804
805
811
818
823
829
834
840
841
843
859
862
866
868
871
875
880
884
896
905
912
921
922
930
932
934
940
945
949
952
956
960
966
988
992
999
1002
1006
1007
1016
1021
1032
1033
1045
1046
1050
1052
1063
1064
1071
1077
1079
1080
1097
1118
1135
1136
1142
1152
1155
1165
1169
1170
1171
1173
1174
1182
1184
1188
1189
1192
1198
1204
1215
1220
1226
1231
1234
1235
1237
1243
1246
1247
1248
1251
1253
1260
1266
1278
1297
1298
1304
1305
1306
1311
1314
1322
1329
1343
1346
1365
1371
1372
1374
1385
1392
1403
1407
1409
1411
1412
1416
1418
1420
1422
1434
1436
1446
1453
1457
1471
1472
1478
1480
1501
1506
1511
1514
1515
1527
1529
1532
1537
1543
1544
1546
1547
1549
1560
1561
1562
1563
1566
1573
1574
1579
1581
1588
1590
1593
1594
1599
1605
1609
1611
1617
1619
1621
1641
1655
1656
1660
1667
1668
1674
1676
1687
1688
1690
1699
1700
1702
1708
1710
1712
1714
1733
1735
1736
1738
1751
1752
1770
1778
1785
1787
1788
1790
1803
1813
1818
1819
1824
1827
1828
1843
1850
1856
1859
1863
1865
1874
1892
1923
1925
1928
1929
1935
1939
1941
1950
1952
1955
1959
1971
1973
1996
2004
2008
2026
2031
2038
2045
2050
2066
2083
2086
2092
2093
2113
2114
2116
2126
2130
2151
2152
2165
2168
2169
2172
2176
2178
2185
2190
2195
2198
2207
2213
2215
2223
2224
2233
2237
2238
2239
2246
2247
2248
2259
2265
2266
2283
2292
2297
2302
2304
2319
2323
2328
2343
2349
2354
2361
2363
2369
2370
2373
2383
2390
2391
2392
2401
2413
2416
2418
2423
2424
2425
2426
2429
2434
2436
2437
2439
2444
2446
2447
2449
2452
2453
2456
2457
2458
2460
2465
2472
2474
2486
2488
2489
2515
2517
2520
2524
2525
2533
2538
2549
2559
2563
2569
2570
2571
2572
2573
2576
2578
2580
2582
2583
2586
2588
2593
2601
2603
2604
2610
2611
2621
2626
2632
2634
2639
2642
2654
2658
2664
2669
2673
2677
5
13
21
37
40
78
