603
0
3
4
8
9
10
11
12
17
20
22
28
32
33
38
39
43
46
56
57
59
63
65
67
69
72
73
79
88
91
94
95
98
100
102
103
111
118
119
120
125
127
128
132
133
134
137
138
140
141
149
150
154
155
157
159
163
167
169
170
171
173
176
180
185
188
191
192
195
197
198
200
201
205
207
212
215
216
218
220
221
225
226
227
228
232
233
234
235
236
241
243
245
246
251
253
254
258
259
260
265
266
267
273
275
276
277
279
281
283
285
286
292
293
295
296
299
302
303
304
305
317
320
321
326
332
338
341
342
345
347
356
359
361
365
366
370
373
375
378
379
380
382
384
387
389
392
394
397
401
402
403
404
405
406
407
408
415
417
432
437
440
441
443
447
452
458
463
466
468
480
483
484
486
487
489
495
496
498
502
504
505
507
508
509
511
512
516
517
518
522
523
527
535
537
539
540
542
548
550
564
566
568
570
575
578
584
588
590
593
598
600
604
606
607
609
612
616
621
622
625
628
633
634
636
637
638
639
640
642
645
646
647
652
653
654
658
664
666
667
668
670
674
675
679
681
682
685
689
694
696
698
700
703
705
706
707
708
709
713
715
718
721
722
723
724
725
733
734
737
742
745
753
757
758
761
762
763
764
773
776
779
780
787
788
791
792
796
798
802
803
807
808
810
818
819
820
824
825
831
832
834
841
842
843
844
847
848
849
851
852
853
856
857
858
859
860
864
866
868
869
872
873
876
880
881
888
889
891
893
895
902
904
905
907
908
909
910
913
915
917
919
921
925
927
931
936
938
940
953
958
961
962
966
968
972
973
978
981
982
983
984
988
989
992
994
997
999
1001
1004
1006
1009
1011
1014
1020
1021
1026
1027
1030
1033
1034
1035
1036
1037
1039
1040
1043
1044
1046
1049
1050
1052
1053
1061
1070
1071
1073
1074
1076
1077
1079
1080
1083
1084
1086
1088
1090
1091
1096
1101
1102
1103
1104
1105
1109
1110
1111
1113
1121
1130
1131
1137
1142
1143
1147
1149
1152
1153
1156
1162
1167
1168
1178
1180
1181
1183
1184
1185
1186
1189
1196
1197
1200
1203
1204
1205
1216
1217
1219
1223
1224
1225
1229
1230
1232
1233
1238
1239
1240
1242
1251
1252
1253
1255
1257
1260
1264
1267
1269
1275
1277
1279
1284
1296
1297
1305
1306
1308
1310
1312
1315
1316
1317
1318
1322
1323
1327
1332
1334
1338
1340
1342
1344
1346
1349
1350
1353
1354
1356
1360
1361
1362
1365
1370
1371
1375
1378
1379
1380
1381
1386
1387
1390
1396
1398
1401
1402
1403
1405
1406
1410
1413
1415
1418
1420
1422
1423
1424
1426
1427
1429
1430
1431
1434
1437
1438
1440
1442
1444
1448
1449
1451
1453
1457
1458
1460
1461
1463
1465
1470
1471
1472
1474
1476
1478
1480
1483
1484
1487
1491
1493
1495
1497
1498
1501
1502
1506
1508
1510
1512
1514
1518
1521
1525
1526
1531
1532
1535
1537
1539
1542
1543
1545
1547
1548
1552
1564
1565
1571
1573
1574
1576
1577
1578
1579
1586
1588
1590
1591
1593
1595
1599
1600
103
0
1
4
7
8
9
16
19
21
27
36
38
40
42
53
63
67
70
73
77
86
88
95
99
102
103
109
114
120
125
144
146
147
148
150
153
155
157
159
162
167
168
169
172
174
182
184
186
187
190
192
193
197
199
210
211
212
213
219
224
228
231
234
240
241
244
246
248
252
257
259
265
266
273
283
288
296
297
300
305
308
309
310
311
317
318
321
325
327
334
337
338
341
342
343
351
354
356
358
364
374
375
378
