208
0
1
6
11
20
22
25
29
30
31
46
50
54
56
57
66
70
79
82
86
89
90
101
107
109
110
111
112
120
126
134
138
140
147
150
153
160
164
175
185
193
199
201
208
217
221
238
244
251
255
259
264
265
266
267
268
269
273
283
284
291
292
296
301
302
308
309
315
323
326
330
341
344
345
348
349
352
355
359
366
368
369
375
384
385
389
393
394
397
399
400
402
404
406
413
433
435
436
445
448
450
451
452
464
468
470
472
474
487
491
493
495
499
501
507
509
518
520
527
538
540
547
553
558
559
560
571
572
582
585
588
598
601
603
606
611
620
627
631
632
636
651
652
653
656
660
671
696
708
712
716
729
730
732
738
742
747
749
753
754
759
764
768
769
774
799
804
809
812
813
820
824
825
828
833
834
842
849
850
852
862
864
869
877
879
885
890
891
897
915
929
934
939
947
956
968
974
976
988
989
990
992
996
1007
1008
1014
1016
1020
60
8
10
20
21
34
44
47
50
52
53
54
55
62
66
68
69
90
99
100
101
109
113
114
115
128
136
138
139
142
146
157
160
164
188
196
199
200
202
207
215
223
238
239
240
258
259
277
280
287
288
296
298
306
308
323
331
334
351
352
365
