130
3
6
15
18
45
50
56
124
142
149
156
160
173
178
183
186
218
222
234
250
277
301
309
325
331
332
383
412
417
439
456
458
467
480
506
532
569
587
604
634
665
691
698
699
727
745
754
773
789
790
823
849
897
933
942
969
1002
1030
1034
1086
1108
1112
1114
1132
1135
1152
1156
1168
1170
1172
1214
1220
1252
1281
1314
1318
1324
1329
1350
1351
1359
1408
1412
1417
1418
1428
1437
1454
1471
1527
1532
1578
1585
1595
1603
1608
1619
1639
1668
1672
1679
1684
1703
1716
1721
1730
1735
1745
1748
1758
1767
1769
1812
1813
1820
1830
1838
1855
1860
1884
1900
1901
1927
1944
1956
1960
1978
1998
2016
2047
8
8
32
55
71
83
111
135
158
