1918
15
20
23
41
51
55
60
62
67
71
77
81
87
90
92
105
110
112
123
124
129
135
137
141
156
161
170
178
179
181
183
201
205
214
220
226
229
243
253
254
259
269
276
280
283
294
300
306
309
314
326
328
336
338
352
362
363
365
367
371
388
390
394
402
415
424
432
438
439
445
446
447
461
464
480
485
487
505
511
527
541
554
556
559
561
574
575
580
586
605
607
609
625
628
630
634
639
644
645
651
658
660
662
669
679
691
692
703
715
718
722
723
724
733
742
745
747
750
751
754
771
780
782
783
789
801
808
817
818
819
820
830
849
851
856
865
872
876
884
886
887
889
898
902
917
919
920
925
930
934
959
967
968
974
984
989
999
1002
1003
1016
1020
1021
1032
1041
1045
1051
1059
1062
1080
1083
1087
1090
1092
1108
1113
1115
1138
1142
1149
1153
1157
1159
1173
1175
1182
1183
1188
1194
1199
1202
1203
1209
1221
1222
1224
1225
1226
1235
1236
1247
1248
1251
1266
1270
1275
1282
1286
1291
1313
1321
1323
1325
1334
1336
1337
1352
1355
1363
1368
1369
1370
1374
1387
1393
1394
1398
1403
1406
1407
1410
1412
1419
1424
1428
1430
1434
1439
1452
1460
1465
1476
1478
1481
1486
1489
1502
1510
1524
1528
1530
1533
1540
1553
1564
1578
1579
1585
1595
1610
1618
1621
1624
1631
1637
1643
1644
1655
1672
1689
1699
1704
1708
1723
1727
1730
1736
1747
1748
1750
1755
1756
1760
1761
1768
1775
1781
1791
1797
1800
1808
1809
1810
1827
1828
1840
1858
1868
1872
1873
1879
1896
1903
1908
1910
1912
1916
1918
1924
1926
1929
1933
1934
1935
1943
1944
1949
1964
1975
1976
1986
1987
1996
1997
1999
2003
2006
2010
2023
2029
2033
2042
2051
2060
2079
2081
2084
2085
2098
2102
2121
2128
2129
2131
2143
2145
2152
2178
2181
2193
2196
2203
2214
2218
2230
2232
2234
2248
2251
2252
2253
2254
2260
2263
2264
2273
2274
2277
2285
2287
2290
2297
2307
2316
2321
2324
2328
2331
2335
2339
2342
2346
2347
2357
2375
2380
2387
2393
2397
2399
2401
2404
2408
2409
2415
2419
2424
2432
2434
2443
2448
2449
2450
2453
2460
2468
2471
2478
2488
2491
2497
2499
2507
2514
2518
2532
2533
2546
2547
2569
2573
2578
2604
2608
2609
2612
2613
2615
2618
2625
2626
2649
2650
2655
2676
2685
2686
2690
2701
2709
2710
2711
2717
2737
2746
2750
2761
2767
2769
2770
2783
2788
2801
2805
2806
2809
2819
2823
2830
2832
2842
2845
2846
2848
2850
2859
2862
2876
2878
2880
2891
2899
2910
2916
2926
2931
2957
2964
2974
2984
2993
2995
2996
2998
2999
3003
3020
3021
3032
3033
3037
3050
3053
3056
3057
3068
3069
3071
3075
3076
3079
3081
3084
3091
3095
3100
3109
3113
3119
3121
3146
3152
3153
3163
3174
3179
3181
3183
3223
3226
3231
3240
3252
3253
3254
3258
3268
3269
3270
3273
3282
3286
3293
3301
3313
3314
3319
3320
3327
3342
3360
3379
3385
3389
3393
3394
3397
3399
3400
3408
3425
3443
3459
3467
3471
3472
3475
3477
3485
3487
3499
3507
3509
3519
3522
3533
3540
3545
3546
3548
3552
3553
3555
3561
3577
3586
3587
3596
3597
3604
3606
3618
3619
3621
3630
3632
3635
3636
3640
3642
3650
3667
3678
3694
3695
3698
3702
3705
3707
3716
3720
3722
3728
3729
3740
3745
3751
3753
3757
3760
3763
3769
3771
3784
3785
3795
3799
3807
3810
3821
3823
3824
3827
3829
3837
3856
3869
3872
3891
3894
3903
3911
3914
3918
3923
3939
3950
3958
3962
3963
3965
3969
3977
3980
3992
3993
4019
4020
4023
4032
4043
4048
4049
4057
4058
4060
4061
4063
4074
4075
4077
4080
4086
4091
4096
4098
4099
4111
4113
4115
4121
4128
4134
4144
4145
4148
4175
4176
4192
4215
4222
4244
4246
4252
4256
4257
4272
4275
4277
4289
4292
4294
4299
4300
4319
4321
4327
4328
4331
4343
4344
4345
4347
4348
4368
4371
4373
4375
4391
4398
4423
4424
4428
4435
4436
4437
4438
4439
4453
4455
4471
4492
4497
4500
4502
4522
4523
4531
4535
4536
4538
4541
4542
4544
4547
4550
4554
4567
4568
4577
4579
4580
4600
4605
4612
4614
4623
4626
4627
4636
4640
4645
4648
4655
4656
4658
4661
4663
4667
4672
4692
4697
4703
4714
4715
4716
4735
4742
4745
4746
4747
4756
4764
4768
4772
4774
4786
4789
4796
4807
4841
4851
4853
4860
4862
4863
4864
4868
4881
4882
4884
4902
4904
4915
4916
4924
4925
4932
4941
4942
4947
4950
4956
4959
4962
4964
4968
4975
4976
4981
4985
4988
4999
5007
5009
5011
5012
5019
5021
5024
5027
5036
5039
5040
5054
5066
5071
5075
5076
5078
5081
5088
5098
5107
5118
5121
5127
5129
5130
5134
5135
5140
5146
5148
5149
5150
5166
5167
5174
5175
5192
5195
5203
5208
5214
5215
5219
5220
5226
5227
5229
5243
5248
5250
5251
5252
5260
5268
5269
5272
5282
5291
5294
5296
5297
5306
5312
5319
5323
5339
5347
5348
5349
5350
5363
5368
5376
5378
5399
5406
5407
5409
5410
5431
5435
5440
5447
5449
5453
5454
5457
5460
5476
5480
5483
5488
5499
5502
5521
5524
5525
5526
5527
5530
5532
5533
5534
5538
5539
5544
5547
5549
5555
5557
5559
5571
5577
5590
5591
5600
5603
5607
5620
5622
5631
5644
5646
5652
5664
5666
5683
5692
5712
5713
5739
5740
5745
5747
5759
5760
5762
5773
5774
5777
5782
5788
5790
5795
5803
5805
5808
5810
5813
5837
5840
5849
5855
5856
5861
5862
5866
5867
5868
5869
5884
5890
5901
5904
5916
5917
5921
5924
5931
5933
5937
5950
5954
5955
5960
5975
5979
5981
5989
5993
5999
6001
6004
6005
6012
6013
6018
6026
6027
6029
6037
6039
6052
6054
6056
6057
6058
6061
6069
6084
6086
6088
6094
6101
6110
6122
6136
6137
6141
6145
6153
6154
6157
6163
6176
6184
6186
6199
6203
6207
6208
6213
6214
6223
6231
6234
6237
6248
6259
6266
6268
6272
6276
6280
6281
6289
6296
6304
6310
6311
6312
6330
6335
6338
6343
6347
6348
6356
6361
6362
6366
6381
6387
6398
6405
6411
6413
6431
6432
6433
6435
6442
6444
6453
6462
6463
6465
6466
6469
6477
6486
6487
6492
6495
6500
6505
6508
6512
6519
6521
6524
6525
6526
6531
6536
6545
6563
6575
6580
6582
6587
6590
6595
6599
6601
6603
6611
6612
6623
6626
6628
6629
6637
6638
6647
6653
6660
6666
6670
6675
6690
6694
6698
6699
6704
6708
6726
6730
6735
6741
6743
6749
6750
6754
6765
6766
6769
6783
6801
6810
6821
6843
6850
6858
6859
6864
6866
6868
6873
6886
6888
6893
6896
6898
6919
6925
6926
6933
6941
6943
6946
6948
6961
6974
6975
6976
6992
6993
6996
6997
7001
7003
7013
7017
7018
7019
7026
7041
7045
7048
7051
7056
7061
7071
7081
7089
7091
7092
7094
7109
7132
7133
7141
7143
7161
7163
7164
7165
7169
7170
7180
7186
7187
7192
7194
7195
7196
7205
7211
7218
7219
7224
7228
7231
7232
7237
7238
7239
7246
7251
7253
7259
7275
7279
7283
7285
7289
7292
7293
7304
7314
7319
7323
7326
7332
7334
7349
7356
7358
7360
7365
7372
7378
7380
7387
7388
7417
7424
7431
7432
7438
7440
7442
7449
7455
7458
7469
7484
7487
7489
7492
7503
7508
7509
7513
7517
7519
7526
7530
7532
7551
7560
7563
7567
7574
7575
7582
7584
7585
7590
7591
7611
7613
7615
7618
7621
7623
7629
7632
7633
7636
7655
7663
7664
7673
7676
7677
7693
7696
7702
7707
7715
7716
7717
7723
7732
7734
7736
7744
7753
7756
7758
7762
7769
7780
7789
7805
7806
7810
7814
7820
7822
7825
7834
7836
7839
7840
7843
7847
7857
7861
7878
7883
7887
7888
7889
7891
7897
7906
7910
7927
7937
7940
7951
7952
7956
7959
7966
7969
7970
7975
7977
7990
7992
7994
8022
8026
8027
8029
8036
8039
8048
8053
8058
8062
8096
8104
8106
8107
8126
8133
8135
8142
8144
8151
8155
8166
8167
8176
8177
8182
8185
8194
8196
8202
8213
8217
8227
8228
8235
8236
8239
8251
8260
8269
8270
8274
8282
8295
8296
8301
8302
8314
8326
8330
8359
8367
8382
8383
8386
8399
8405
8411
8432
8433
8439
8453
8466
8467
8468
8469
8474
8476
8483
8496
8497
8498
8503
8504
8506
8509
8517
8523
8541
8547
8552
8572
8575
8577
8582
8583
8586
8589
8600
8604
8610
8613
8621
8622
8627
8634
8636
8641
8643
8658
8662
8676
8689
8690
8706
8717
8735
8736
8739
8762
8771
8790
8791
8797
8807
8816
8832
8838
8858
8861
8863
8867
8873
8875
8890
8906
8907
8925
8935
8948
8950
8952
8956
8958
8961
8963
8969
8972
8976
8979
8980
8981
8985
8990
9007
9015
9016
9017
9019
9022
9030
9035
9036
9037
9040
9044
9049
9052
9070
9080
9082
9084
9087
9091
9096
9098
9108
9114
9118
9128
9129
9134
9138
9143
9151
9157
9159
9169
9174
9175
9191
9194
9203
9207
9217
9225
9235
9239
9242
9248
9254
9266
9271
9278
9294
9295
9303
9308
9309
9326
9329
9338
9339
9351
9363
9366
9375
9376
9388
9393
9398
9400
9404
9407
9427
9435
9438
9439
9441
9447
9453
9454
9455
9461
9464
9472
9479
9481
9486
9492
9509
9510
9516
9518
9531
9534
9537
9539
9558
9564
9568
9572
9590
9595
9596
9598
9605
9623
9624
9625
9635
9647
9657
9659
9661
9663
9668
9686
9690
9695
9701
9705
9714
9718
9719
9721
9723
9728
9731
9745
9750
9751
9752
9753
9759
9762
9766
9787
9794
9795
9796
9800
9802
9807
9809
9817
9818
9822
9826
9830
9837
9841
9843
9853
9856
9860
9868
9869
9882
9894
9904
9905
9913
9924
9938
9946
9957
9965
9969
9974
9981
9985
9997
10000
10003
10008
10009
10010
10011
10015
10019
10026
10033
10045
10047
10052
10054
10059
10073
10077
10079
10087
10102
10105
10111
10112
10120
10127
10154
10179
10192
10211
10221
10239
10248
10266
10267
10270
10280
10294
10310
10311
10313
10318
10322
10334
10341
10344
10345
10352
10353
10356
10358
10368
10377
10383
10407
10412
10419
10429
10432
10448
10456
10460
10463
10465
10470
10492
10509
10513
10516
10521
10524
10532
10540
10549
10554
10556
10567
10569
10578
10584
10587
10596
10602
10605
10621
10627
10634
10639
10644
10646
10655
10656
10657
10663
10665
10672
10685
10688
10703
10711
10714
10719
10722
10724
10726
10728
10734
10741
10742
10746
10748
10750
10754
10763
10764
10767
10770
10779
10781
10786
10789
10792
10797
10801
10803
10807
10810
10816
10829
10832
10844
10845
10846
10849
10852
10853
10857
10877
10878
10882
10891
10892
10893
10896
10909
10933
10942
10943
10952
10953
10954
10955
10974
10981
11006
11007
11021
11028
11047
11057
11058
11060
11061
11064
11065
11072
11080
11089
11093
11105
11115
11124
11132
11142
11143
11154
11157
11167
11174
11179
11180
11183
11186
11188
11192
11202
11209
11211
11214
11216
11217
11219
11231
11236
11240
11244
11245
11248
11251
11257
11261
11267
11268
11272
11277
11280
11306
11313
11320
11326
11328
11329
11331
11333
11351
11360
11363
11371
11379
11389
11396
11417
11419
11422
11427
11431
11432
11435
11441
11442
11454
11455
11457
11472
11481
11489
11491
11494
11499
11504
11514
11519
11520
11527
11530
11531
11538
11540
15
20
22
29
30
76
77
106
134
199
234
281
312
322
335
367
