6152
4
7
17
20
21
23
32
33
42
44
46
49
64
65
70
76
86
89
92
93
113
118
121
136
139
141
144
148
156
157
158
170
176
177
179
183
186
192
196
208
227
230
242
245
255
259
261
265
273
289
293
304
309
311
325
327
332
333
340
348
356
387
391
392
401
410
418
419
421
424
427
432
451
455
458
482
484
486
495
508
510
516
519
523
526
528
536
540
542
550
557
572
574
577
585
588
598
608
622
625
626
634
652
655
656
658
660
663
665
669
677
680
688
695
706
715
721
725
731
736
751
754
771
772
773
787
790
798
802
805
806
809
813
815
837
839
840
841
842
845
847
857
860
872
886
897
910
917
933
934
935
953
957
982
984
999
1007
1016
1024
1031
1039
1050
1052
1058
1063
1066
1067
1070
1079
1087
1106
1114
1119
1130
1138
1141
1144
1157
1158
1159
1167
1185
1186
1187
1188
1191
1194
1201
1202
1204
1213
1218
1219
1223
1227
1233
1238
1240
1253
1256
1260
1265
1269
1270
1271
1278
1283
1284
1285
1287
1291
1295
1296
1298
1314
1320
1321
1328
1340
1342
1347
1352
1358
1367
1377
1394
1402
1406
1407
1411
1413
1417
1420
1441
1442
1455
1461
1470
1476
1478
1479
1480
1481
1494
1502
1508
1510
1518
1529
1533
1535
1540
1550
1561
1565
1569
1584
1616
1619
1631
1637
1644
1645
1646
1662
1679
1687
1703
1704
1705
1710
1718
1726
1729
1730
1733
1749
1755
1756
1760
1761
1762
1771
1774
1781
1795
1805
1823
1824
1834
1839
1848
1863
1869
1870
1889
1899
1906
1909
1911
1913
1921
1923
1929
1930
1932
1934
1935
1940
1942
1944
1948
1952
1955
1956
1958
1962
1964
1965
1967
1981
1986
1987
1990
1995
1997
1998
2000
2004
2017
2019
2020
2022
2035
2037
2038
2045
2047
2058
2071
2075
2079
2092
2095
2098
2101
2107
2112
2129
2139
2156
2157
2168
2170
2173
2189
2192
2200
2207
2218
2229
2239
2243
2252
2257
2271
2277
2278
2283
2286
2289
2293
2299
2304
2305
2306
2312
2318
2320
2325
2351
2353
2354
2375
2376
2385
2388
2394
2403
2405
2407
2410
2416
2424
2431
2433
2438
2439
2443
2446
2447
2451
2483
2489
2490
2491
2503
2510
2513
2524
2525
2528
2544
2549
2559
2565
2574
2585
2586
2592
2594
2609
2610
2612
2613
2614
2637
2644
2645
2655
2657
2658
2659
2661
2662
2670
2671
2672
2676
2681
2689
2696
2698
2699
2704
2713
2716
2730
2731
2739
2740
2743
2745
2750
2778
2784
2788
2796
2807
2812
2817
2829
2830
2831
2835
2842
2851
2852
2853
2861
2892
2893
2899
2905
2921
2925
2929
2943
2951
2952
2972
2980
2987
2990
2994
3009
3018
3035
3044
3047
3048
3056
3061
3076
3080
3084
3086
3101
3106
3107
3109
3119
3121
3127
3133
3142
3145
3148
3157
3175
3183
3186
3188
3198
3199
3202
3208
3211
3220
3224
3227
3232
3235
3236
3237
3262
3264
3270
3285
3296
3300
3303
3311
3316
3319
3331
3335
3336
3341
3342
3344
3348
3372
3373
3389
3393
3398
3399
3413
3421
3424
3453
3460
3464
3470
3473
3479
3487
3499
3502
3503
3507
3522
3527
3531
3532
3539
3541
3548
3551
3559
3562
3565
3574
3576
3585
3587
3593
3596
3612
3621
3631
3632
3639
3640
3642
3647
3650
3657
3658
3670
3671
3673
3675
3676
3680
3683
3693
3699
3707
3710
3713
3714
3721
3728
3742
3743
3751
3758
3760
3769
3770
3775
3776
3782
3784
3800
3812
3813
3820
3821
3822
3826
3830
3840
3842
3848
3852
3857
3859
3860
3867
3876
3880
3881
3883
3900
3903
3916
3917
3920
3923
3926
3927
3932
3934
3943
3950
3953
3963
3966
3967
3982
3991
3996
4010
4015
4023
4025
4038
4039
4068
4071
4082
4084
4087
4089
4094
4108
4111
4114
4122
4125
4126
4136
4141
4144
4156
4161
4162
4163
4166
4183
4186
4192
4193
4197
4202
4204
4208
4215
4216
4221
4249
4252
4253
4261
4264
4269
4270
4276
4281
4282
4286
4288
4289
4299
4301
4304
4307
4319
4328
4331
4333
4354
4357
4362
4378
4379
4382
4383
4386
4393
4395
4396
4398
4400
4401
4403
4411
4417
4420
4424
4427
4429
4434
4435
4437
4440
4442
4448
4450
4454
4458
4463
4477
4486
4500
4503
4506
4512
4525
4533
4534
4537
4539
4542
4543
4544
4546
4549
4558
4560
4568
4574
4583
4584
4602
4606
4608
4618
4619
4623
4626
4629
4648
4650
4662
4673
4685
4697
4710
4711
4714
4717
4740
4741
4747
4749
4758
4761
4764
4767
4768
4771
4772
4794
4803
4805
4809
4816
4820
4827
4829
4837
4839
4852
4855
4871
4879
4880
4886
4888
4904
4907
4913
4917
4925
4927
4929
4931
4932
4936
4937
4947
4975
4976
4989
4990
4996
4998
5000
5006
5029
5041
5042
5045
5065
5066
5068
5074
5087
5096
5123
5124
5129
5136
5156
5158
5165
5169
5170
5177
5181
5185
5209
5211
5219
5221
5232
5238
5246
5250
5262
5272
5273
5289
5294
5310
5314
5317
5321
5324
5353
5354
5362
5366
5367
5373
5376
5378
5401
5412
5413
5415
5417
5418
5422
5429
5436
5445
5446
5448
5449
5451
5456
5463
5468
5472
5476
5487
5489
5496
5501
5504
5505
5515
5520
5528
5534
5538
5539
5548
5560
5573
5577
5584
5585
5608
5613
5614
5620
5629
5630
5634
5642
5644
5650
5661
5670
5672
5674
5676
5678
5682
5686
5688
5690
5702
5703
5710
5719
5726
5728
5737
5738
5750
5753
5756
5762
5763
5766
5775
5776
5779
5782
5785
5788
5796
5808
5810
5814
5822
5824
5828
5832
5842
5849
5852
5861
5864
5868
5895
5901
5902
5913
5921
5929
5938
5946
5961
5962
5969
5972
5974
5984
6000
6001
6006
6009
6011
6016
6017
6018
6031
6057
6059
6069
6073
6074
6077
6092
6098
6105
6114
6119
6125
6134
6137
6146
6150
6153
6170
6175
6181
6184
6186
6202
6210
6219
6230
6237
6253
6257
6258
6259
6273
6278
6284
6289
6294
6300
6304
6305
6306
6310
6314
6322
6323
6340
6354
6355
6358
6367
6372
6390
6392
6401
6407
6421
6426
6427
6441
6443
6455
6456
6458
6462
6463
6470
6471
6475
6478
6485
6486
6492
6503
6506
6518
6522
6529
6546
6549
6558
6563
6568
6581
6588
6614
6620
6632
6636
6643
6649
6652
6661
6676
6678
6680
6692
6693
6697
6698
6705
6711
6712
6720
6723
6732
6734
6737
6743
6753
6760
6763
6772
6774
6779
6781
6785
6789
6794
6801
6806
6807
6812
6820
6821
6822
6829
6832
6840
6863
6868
6885
6890
6907
6916
6918
6920
6927
6931
6937
6938
6957
6958
6959
6967
6971
6972
6973
6978
6981
6983
6985
6986
6989
6992
6994
7003
7011
7022
7024
7030
7031
7033
7036
7037
7042
7045
7046
7051
7053
7064
7067
7068
7081
7082
7087
7090
7093
7095
7096
7097
7101
7103
7109
7128
7133
7141
7147
7155
7156
7159
7160
7167
7185
7198
7205
7206
7211
7214
7217
7223
7230
7231
7234
7239
7241
7242
7244
7258
7259
7262
7273
7281
7286
7307
7310
7312
7351
7355
7370
7380
7389
7394
7396
7410
7414
7426
7427
7430
7432
7435
7447
7449
7450
7461
7470
7471
7473
7478
7483
7494
7499
7500
7502
7509
7514
7530
7540
7567
7574
7576
7578
7580
7584
7586
7593
7594
7595
7605
7606
7612
7613
7614
7616
7634
7638
7644
7648
7649
7650
7653
7663
7664
7667
7671
7677
7678
7679
7685
7699
7711
7719
7722
7724
7726
7727
7730
7735
7740
7743
7750
7756
7763
7770
7782
7791
7794
7796
7804
7815
7817
7819
7820
7822
7833
7857
7870
7874
7880
7890
7894
7900
7905
7915
7921
7923
7924
7935
7943
7956
7957
7961
7963
7964
7972
7988
7992
7999
8000
8003
8006
8007
8009
8014
8019
8025
8028
8029
8033
8047
8053
8062
8066
8068
8074
8079
8082
8085
8087
8097
8098
8111
8132
8134
8138
8146
8151
8153
8154
8164
8166
8169
8171
8200
8206
8212
8220
8230
8232
8235
8255
8257
8260
8273
8274
8278
8279
8280
8285
8291
8292
8298
8299
8308
8310
8311
8315
8317
8319
8321
8323
8327
8333
8355
8356
8364
8375
8391
8392
8394
8404
8408
8413
8432
8452
8454
8455
8458
8467
8475
8478
8488
8493
8495
8497
8500
8504
8506
8507
8512
8519
8520
8521
8527
8537
8549
8555
8566
8571
8581
8582
8591
8595
8598
8599
8605
8610
8617
8630
8635
8641
8643
8645
8646
8654
8669
8670
8675
8703
8706
8714
8720
8723
8726
8740
8746
8749
8759
8764
8767
8770
8771
8776
8778
8779
8780
8781
8782
8785
8793
8800
8803
8806
8807
8821
8822
8847
8849
8850
8853
8859
8874
8878
8881
8888
8897
8902
8905
8909
8911
8931
8940
8948
8951
8964
8979
8985
8986
8987
9003
9009
9016
9020
9022
9029
9036
9038
9040
9044
9051
9052
9055
9060
9066
9067
9074
9077
9097
9108
9111
9117
9123
9127
9128
9135
9137
9140
9145
9147
9156
9178
9183
9186
9187
9196
9198
9224
9225
9229
9232
9241
9257
9262
9268
9296
9311
9312
9314
9315
9332
9342
9348
9362
9364
9388
9392
9398
9425
9433
9434
9437
9447
9476
9477
9492
9499
9502
9503
9506
9513
9514
9518
9520
9531
9534
9538
9546
9553
9556
9569
9573
9581
9586
9612
9613
9616
9618
9619
9620
9630
9636
9651
9656
9660
9662
9668
9677
9683
9687
9689
9696
9709
9712
9713
9720
9725
9726
9727
9738
9745
9749
9755
9773
9791
9796
9808
9812
9813
9815
9826
9828
9830
9837
9842
9849
9860
9864
9865
9866
9870
9871
9875
9876
9891
9900
9901
9906
9913
9940
9960
9963
9991
9993
10000
10003
10011
10017
10021
10037
10039
10042
10048
10054
10063
10079
10083
10087
10103
10105
10123
10125
10132
10138
10144
10151
10153
10165
10171
10178
10180
10183
10185
10194
10200
10203
10207
10209
10210
10230
10236
10238
10239
10263
10264
10269
10273
10276
10285
10286
10289
10291
10295
10316
10317
10324
10326
10329
10340
10352
10360
10361
10363
10368
10372
10373
10376
10381
10388
10391
10395
10399
10409
10414
10415
10421
10423
10427
10458
10459
10463
10464
10466
10470
10474
10481
10486
10489
10494
10499
10502
10510
10517
10525
10529
10541
10545
10556
10557
10560
10568
10580
10585
10597
10603
10604
10610
10616
10617
10618
10623
10640
10641
10645
10646
10647
10655
10663
10666
10668
10670
10682
10687
10696
10700
10703
10713
10721
10723
10732
10739
10745
10746
10747
10748
10750
10761
10774
10775
10777
10781
10785
10787
10793
10800
10809
10822
10824
10829
10831
10838
10840
10868
10870
10876
10877
10885
10889
10909
10913
10916
10918
10927
10932
10934
10935
10937
10939
10950
10952
10968
10969
10978
10985
10989
10992
11026
11030
11040
11048
11053
11061
11065
11075
11080
11086
11094
11100
11104
11107
11125
11142
11150
11160
11173
11180
11181
11185
11188
11191
11211
11214
11218
11221
11229
11237
11250
11263
11283
11308
11311
11329
11331
11338
11348
11352
11359
11360
11364
11366
11367
11369
11377
11386
11411
11413
11416
11421
11424
11425
11429
11430
11438
11446
11460
11467
11470
11475
11491
11492
11499
11504
11507
11515
11519
11520
11523
11525
11526
11540
11543
11544
11550
11554
11557
11561
11567
11568
11582
11588
11596
11601
11603
11608
11609
11613
11617
11623
11634
11650
11659
11671
11675
11682
11691
11692
11702
11708
11710
11719
11739
11740
11757
11760
11765
11767
11770
11775
11776
11780
11789
11791
11798
11799
11802
11805
11806
11826
11846
11860
11862
11867
11876
11878
11880
11892
11895
11898
11921
11931
11939
11943
11953
11954
11966
11973
11997
11998
12001
12002
12010
12023
12027
12029
12036
12039
12065
12070
12071
12076
12078
12082
12102
12103
12120
12132
12157
12162
12166
12184
12188
12193
12194
12197
12198
12200
12201
12203
12204
12211
12212
12215
12216
12218
12221
12225
12233
12234
12235
12238
12241
12245
12250
12259
12272
12278
12280
12285
12297
12335
12336
12343
12348
12361
12364
12367
12375
12377
12384
12387
12400
12403
12404
12410
12417
12424
12430
12433
12439
12447
12451
12460
12463
12474
12485
12488
12489
12499
12511
12512
12516
12522
12523
12538
12539
12541
12543
12546
12549
12562
12565
12570
12573
12577
12580
12608
12611
12617
12621
12627
12633
12646
12647
12655
12662
12669
12671
12672
12680
12682
12688
12698
12709
12715
12719
12730
12731
12733
12745
12748
12750
12774
12776
12780
12795
12809
12811
12830
12845
12850
12854
12855
12856
12878
12884
12891
12905
12916
12924
12931
12932
12935
12945
12951
12956
12959
12960
12964
12967
12977
12997
13002
13010
13028
13029
13039
13045
13063
13066
13079
13091
13095
13110
13120
13128
13149
13150
13166
13170
13177
13185
13193
13205
13210
13218
13223
13226
13236
13241
13244
13248
13249
13255
13268
13277
13278
13284
13290
13293
13306
13307
13309
13315
13321
13328
13335
13337
13351
13372
13381
13385
13404
13408
13421
13425
13432
13439
13460
13467
13471
13482
13487
13495
13513
13514
13521
13524
13529
13530
13551
13558
13564
13571
13575
13588
13591
13595
13605
13609
13610
13621
13624
13625
13628
13642
13654
13659
13668
13670
13675
13681
13713
13725
13729
13738
13739
13740
13746
13748
13753
13764
13777
13779
13782
13787
13795
13813
13818
13820
13833
13836
13849
13850
13856
13857
13868
13869
13877
13878
13882
13891
13897
13908
13910
13917
13929
13940
13942
13962
13971
13981
13982
13992
13998
14001
14007
14011
14012
14017
14022
14027
14039
14051
14053
14055
14058
14066
14073
14074
14079
14095
14115
14117
14119
14122
14136
14145
14149
14174
14176
14189
14198
14206
14207
14209
14211
14221
14225
14231
14258
14271
14276
14279
14295
14307
14319
14322
14324
14327
14336
14341
14345
14351
14366
14367
14374
14376
14377
14382
14387
14388
14394
14399
14403
14404
14413
14415
14418
14421
14427
14428
14430
14439
14446
14450
14456
14468
14474
14475
14478
14483
14484
14486
14490
14496
14505
14506
14508
14512
14529
14539
14541
14544
14550
14560
14569
14574
14579
14586
14596
14599
14602
14603
14611
14614
14630
14637
14646
14650
14652
14665
14667
14668
14673
14675
14681
14685
14691
14712
14729
14730
14742
14748
14757
14762
14771
14781
14787
14794
14818
14822
14827
14828
14831
14842
14844
14852
14859
14875
14881
14899
14903
14911
14919
14920
14929
14935
14950
14955
14966
14968
14983
15003
15007
15012
15016
15017
15020
15025
15034
15039
15046
15047
15056
15062
15063
15078
15085
15089
15096
15107
15111
15116
15117
15118
15122
15123
15125
15126
15128
15129
15130
15132
15134
15141
15157
15159
15179
15181
15182
15215
15220
15226
15233
15244
15248
15253
15263
15276
15277
15281
15284
15291
15293
15294
15295
15299
15302
15307
15308
15316
15320
15321
15326
15334
15355
15363
15379
15388
15394
15406
15417
15423
15430
15442
15445
15449
15457
15458
15459
15470
15471
15476
15479
15486
15492
15502
15510
15512
15523
15524
15527
15531
15536
15538
15542
15567
15568
15575
15580
15581
15582
15584
15589
15590
15592
15594
15604
15615
15616
15640
15643
15647
15651
15657
15660
15667
15673
15690
15692
15697
15702
15704
15712
15713
15732
15739
15744
15746
15750
15752
15763
15780
15794
15799
15801
15804
15807
15810
15828
15829
15831
15835
15838
15844
15851
15854
15856
15857
15865
15876
15887
15890
15893
15896
15898
15901
15902
15903
15906
15910
15915
15919
15925
15927
15928
15938
15940
15954
15957
15959
15963
15980
15984
15987
15988
15989
15996
16001
16002
16004
16010
16021
16024
16032
16039
16044
16046
16047
16051
16056
16059
16061
16071
16073
16083
16098
16110
16111
16113
16121
16124
16130
16132
16134
16141
16153
16165
16167
16173
16178
16179
16193
16195
16215
16219
16222
16226
16229
16232
16236
16250
16256
16257
16273
16277
16280
16281
16283
16287
16291
16293
16295
16297
16304
16313
16321
16328
16329
16330
16332
16338
16339
16341
16346
16347
16349
16353
16362
16368
16384
16385
16388
16389
16399
16406
16409
16418
16422
16448
16454
16455
16469
16481
16483
16486
16488
16491
16494
16496
16505
16516
16521
16523
16527
16537
16541
16548
16556
16559
16571
16572
16573
16575
16578
16580
16588
16590
16591
16595
16605
16609
16623
16625
16643
16650
16651
16660
16697
16701
16707
16710
16714
16715
16717
16747
16751
16753
16765
16775
16783
16793
16803
16804
16805
16806
16808
16811
16821
16827
16833
16856
16858
16862
16875
16882
16886
16887
16896
16902
16904
16907
16911
16915
16927
16931
16935
16945
16947
16955
16956
16957
16961
16964
16967
16974
16976
16980
16982
16985
16988
16991
16996
17000
17002
17006
17007
17021
17025
17031
17035
17039
17043
17045
17049
17052
17072
17076
17079
17086
17090
17091
17102
17103
17109
17110
17121
17132
17136
17146
17148
17149
17151
17161
17165
17171
17172
17186
17191
17194
17199
17203
17209
17212
17213
17216
17221
17224
17226
17228
17230
17232
17239
17242
17243
17244
17245
17256
17263
17279
17283
17284
17289
17298
17311
17312
17314
17316
17319
17329
17332
17336
17351
17352
17366
17367
17369
17375
17377
17378
17379
17390
17408
17416
17419
17425
17428
17430
17441
17442
17478
17481
17489
17504
17512
17515
17517
17520
17538
17540
17542
17551
17554
17561
17566
17567
17568
17570
17571
17578
17579
17582
17588
17590
17591
17594
17595
17599
17603
17604
17612
17617
17621
17640
17653
17657
17658
17660
17662
17677
17682
17683
17687
17694
17704
17707
17713
17716
17724
17725
17738
17741
17746
17749
17780
17781
17789
17791
17796
17799
17805
17806
17820
17821
17831
17833
17841
17847
17850
17854
17863
17864
17871
17879
17884
17900
17901
17912
17914
17918
17921
17930
17931
17934
17939
17942
17951
17952
17955
17957
17970
17973
17976
17977
17981
17983
17989
17996
18007
18009
18028
18038
18039
18050
18055
18058
18062
18066
18069
18072
18083
18088
18090
18094
18101
18112
18127
18128
18135
18147
18158
18166
18167
18170
18171
18178
18185
18187
18201
18207
18215
18227
18230
18235
18241
18242
18246
18247
18255
18258
18261
18263
18265
18267
18270
18283
18306
18308
18313
18319
18328
18329
18337
18341
18355
18360
18362
18364
18365
18373
18374
18375
18390
18396
18399
18401
18402
18411
18421
18424
18425
18434
18435
18438
18439
18463
18474
18475
18476
18478
18481
18490
18513
18518
18520
18521
18522
18532
18535
18538
18541
18543
18549
18550
18555
18559
18564
18574
18581
18582
18584
18586
18591
18594
18595
18609
18612
18614
18616
18617
18621
18635
18636
18641
18642
18644
18647
18648
18657
18663
18679
18708
18719
18728
18735
18743
18744
18745
18754
18767
18770
18773
18781
18782
18788
18794
18797
18805
18806
18809
18810
18814
18818
18821
18823
18826
18830
18833
18839
18869
18871
18875
18879
18907
18916
18921
18922
18926
18937
18947
18949
18950
18951
18954
18955
18960
18962
18975
18979
18986
18987
18992
18994
18997
18999
19001
19014
19023
19024
19029
19031
19033
19036
19038
19043
19046
19048
19056
19058
19065
19073
19080
19085
19097
19101
19111
19113
19116
19119
19124
19125
19135
19145
19146
19151
19152
19154
19155
19156
19158
19166
19170
19173
19174
19175
19177
19184
19205
19206
19207
19209
19214
19215
19225
19236
19243
19279
19281
19286
19290
19304
19309
19321
19323
19332
19335
19336
19344
19351
19355
19366
19368
19372
19377
19385
19386
19388
19398
19401
19414
19416
19417
19421
19436
19440
19446
19447
19464
19469
19486
19491
19500
19507
19510
19518
19520
19529
19540
19557
19574
19585
19593
19596
19605
19609
19619
19629
19632
19634
19635
19645
19647
19656
19658
19659
19668
19671
19675
19679
19710
19711
19712
19732
19735
19752
19757
19769
19775
19783
19790
19802
19805
19806
19815
19841
19842
19845
19848
19855
19861
19864
19867
19881
19886
19898
19903
19907
19916
19919
19924
19925
19931
19933
19937
19940
19942
19944
19946
19952
19957
19984
19985
19986
19990
19994
19999
20012
20017
20019
20023
20032
20050
20064
20067
20069
20079
20095
20106
20107
20119
20121
20122
20123
20126
20128
20142
20145
20157
20161
20162
20163
20173
20198
20199
20200
20204
20205
20207
20233
20235
20244
20245
20250
20253
20257
20269
20271
20275
20284
20289
20292
20294
20303
20304
20306
20314
20327
20347
20358
20363
20364
20372
20380
20387
20388
20397
20412
20438
20442
20447
20459
20460
20464
20468
20472
20476
20478
20501
20504
20508
20510
20514
20517
20527
20529
20533
20564
20572
20575
20579
20582
20586
20598
20604
20607
20609
20610
20615
20634
20649
20656
20659
20665
20670
20685
20687
20692
20702
20706
20708
20709
20718
20733
20735
20741
20748
20750
20751
20764
20797
20800
20805
20806
20813
20815
20824
20826
20835
20837
20839
20844
20845
20848
20861
20865
20868
20874
20877
20902
20908
20909
20921
20969
20982
20985
20990
20999
21003
21004
21014
21019
21024
21025
21031
21035
21040
21042
21056
21059
21064
21065
21068
21071
21079
21111
21121
21123
21132
21133
21138
21139
21148
21157
21164
21168
21169
21178
21182
21236
21247
21249
21259
21263
21270
21271
21276
21281
21285
21287
21288
21291
21306
21315
21317
21320
21325
21328
21329
21338
21339
21340
21341
21346
21351
21352
21360
21362
21364
21367
21371
21372
21373
21377
21381
21384
21387
21393
21396
21402
21409
21415
21416
21417
21418
21426
21431
21441
21442
21451
21453
21461
21465
21470
21472
21482
21483
21487
21490
21493
21502
21505
21512
21519
21522
21523
21528
21533
21537
21543
21563
21569
21571
21574
21579
21583
21597
21599
21607
21621
21643
21644
21647
21654
21657
21670
21671
21680
21687
21688
21696
21697
21699
21700
21701
21707
21742
21746
21747
21761
21765
21766
21772
21774
21780
21782
21786
21790
21793
21794
21805
21811
21812
21814
21822
21823
21836
21841
21848
21851
21866
21872
21894
21903
21916
21932
21940
21947
21949
21957
21964
21965
21966
21972
21981
21985
21994
21996
21997
21998
22002
22005
22012
22014
22022
22024
22028
22033
22041
22044
22050
22052
22055
22062
22075
22086
22089
22099
22110
22131
22137
22145
22150
22155
22159
22160
22178
22180
22181
22185
22193
22200
22204
22205
22223
22225
22226
22227
22229
22235
22239
22240
22248
22254
22268
22269
22282
22286
22287
22288
22292
22304
22315
22330
22331
22334
22337
22343
22344
22345
22354
22362
22363
22379
22382
22388
22406
22413
22424
22428
22431
22441
22442
22463
22486
22497
22505
22506
22515
22522
22528
22539
22544
22553
22560
22569
22575
22577
22582
22587
22596
22614
22617
22618
22628
22653
22660
22661
22662
22667
22672
22673
22674
22685
22689
22710
22712
22716
22719
22727
22739
22754
22755
22759
22762
22766
22767
22769
22770
22784
22806
22808
22825
22831
22840
22844
22845
22847
22854
22861
22862
22867
22895
22898
22902
22904
22916
22928
22952
22956
22962
22964
22968
22972
22976
22977
22981
22986
22994
22999
23003
23010
23035
23056
23060
23062
23074
23075
23081
23093
23112
23113
23114
23118
23127
23138
23143
23146
23147
23163
23172
23189
23191
23198
23206
23207
23212
23221
23229
23230
23231
23241
23242
23248
23250
23251
23255
23258
23268
23270
23271
23280
23286
23292
23306
23311
23326
23328
23333
23334
23338
23346
23351
23359
23360
23364
23365
23370
23378
23379
23381
23389
23390
23392
23394
23399
23403
23405
23406
23408
23423
23424
23428
23451
23453
23455
23459
23473
23481
23491
23493
23496
23512
23515
23523
23537
23541
23546
23551
23554
23562
23585
23588
23594
23597
23604
23610
23611
23613
23614
23622
23623
23629
23630
23631
23638
23659
23675
23697
23700
23702
23706
23709
23717
23721
23740
23748
23749
23759
23776
23779
23786
23791
23794
23798
23800
23807
23814
23826
23831
23834
23839
23846
23847
23859
23878
23881
23884
23885
23890
23892
23895
23896
23900
23907
23912
23913
23917
23926
23928
23933
23940
23944
23949
23950
23968
23970
23977
23981
23988
24014
24017
24022
24032
24037
24047
24053
24060
24066
24078
24083
24099
24102
24105
24108
24127
24132
24133
24137
24147
24149
24152
24155
24161
24164
24170
24173
24175
24189
24193
24208
24220
24226
24228
24242
24245
24247
24250
24273
24284
24287
24296
24303
24318
24321
24322
24331
24342
24349
24361
24362
24373
24374
24376
24400
24415
24422
24438
24439
24440
24445
24466
24467
24474
24478
24483
24492
24499
24507
24509
24515
24516
24518
24534
24553
24560
24564
24570
24573
24574
24577
24589
24594
24609
24611
24612
24614
24616
24622
24627
24631
24632
24634
24639
24640
24650
24659
24663
24666
24668
24672
24675
24677
24682
24686
24705
24709
24721
24740
24744
24745
24754
24756
24781
24783
24788
24790
24800
24803
24807
24812
24817
24821
24823
24829
24843
24844
24859
24863
24866
24868
24869
24880
24886
24887
24895
24898
24902
24912
24913
24920
24923
24927
24934
24942
24946
24970
24971
24983
24987
24997
24999
25005
25006
25007
25011
25012
25021
25023
25031
25039
25040
25042
25045
25058
25061
25063
25069
25070
25097
25124
25126
25138
25148
25158
25160
25176
25194
25196
25198
25201
25204
25210
25221
25227
25232
25237
25246
25251
25255
25269
25287
25298
25313
25320
25326
25341
25345
25346
25356
25363
25370
25377
25379
25380
25381
25384
25385
25387
25392
25402
25404
25405
25409
25412
25417
25427
25428
25434
25448
25455
25463
25470
25474
25480
25486
25495
25497
25502
25506
25510
25512
25513
25518
25519
25528
25537
25540
25553
25554
25557
25561
25566
25573
25579
25582
25588
25590
25593
25607
25615
25634
25637
25638
25639
25640
25642
25650
25657
25661
25675
25678
25698
25700
25704
25712
25714
25716
25718
25744
25746
25761
25776
25792
25797
25799
25802
25806
25829
25831
25833
25854
25866
25869
25876
25886
25890
25894
25895
25899
25933
25936
25938
25940
25945
25950
25960
25961
25963
25968
25979
25983
25988
26019
26022
26023
26027
26029
26050
26054
26059
26063
26066
26069
26070
26071
26078
26083
26097
26098
26104
26105
26118
26124
26133
26134
26135
26138
26139
26145
26160
26165
26175
26177
26179
26180
26183
26187
26196
26210
26223
26230
26238
26240
26242
26251
26254
26257
26261
26263
26271
26274
26280
26287
26288
26298
26299
26301
26313
26322
26325
26335
26339
26355
26357
26361
26364
26366
26367
26372
26390
26392
26393
26396
26400
26405
26409
26421
26430
26437
26439
26440
26450
26464
26475
26478
26490
26494
26506
26508
26513
26516
26517
26526
26531
26539
26541
26565
26569
26572
26581
26586
26593
26595
26608
26618
26627
26648
26649
26650
26652
26655
26657
26677
26678
26685
26688
26689
26699
26700
26701
26702
26705
26712
26715
26725
26729
26730
26733
26734
26736
26739
26750
26751
26762
26765
26767
26783
26797
26804
26811
26828
26830
26838
26853
26858
26860
26867
26868
26874
26875
26876
26879
26890
26891
26895
26898
26902
26904
26906
26908
26911
26917
26919
26928
26937
26942
26947
26973
26974
26975
26983
26985
26992
27000
27015
27034
27036
27037
27039
27042
27043
27045
27047
27054
27056
27060
27062
27080
27081
27085
27089
27095
27098
27111
27119
27120
27127
27130
27135
27148
27151
27164
27165
27167
27168
27169
27171
27175
27181
27183
27193
27195
27196
27211
27219
27225
27229
27250
27251
27256
27266
27270
27273
27274
27281
27284
27288
27291
27295
27298
27305
27317
27323
27325
27328
27338
27339
27342
27349
27353
27357
27358
27361
27362
27380
27389
27390
27395
27397
27404
27422
27423
27426
27428
27447
27448
27465
27471
27495
27500
27505
27510
27512
27515
27517
27519
27525
27545
27556
27561
27564
27570
27581
27584
27590
27598
27604
27620
27624
27648
27651
27655
27660
27677
27678
27679
27688
27700
27711
27718
27732
27738
27740
27752
27757
27762
27776
27780
27786
27790
27792
27798
27799
27802
27814
27818
27821
27825
27835
27837
27842
27847
27852
27854
27859
27864
27866
27867
27870
27873
27874
27882
27885
27888
27898
27899
27904
27907
27916
27918
27919
27928
27931
27950
27957
27966
27973
27974
27976
27977
27988
27996
28003
28006
28008
28009
28012
28015
28031
28032
28033
28042
28045
28060
28063
28068
28070
28072
28077
28079
28092
28094
28101
28109
28123
28125
28140
28149
28157
28158
28163
28186
28188
28192
28197
28202
28203
28207
28211
28213
28222
28228
28233
28241
28243
28254
28256
28263
28281
28296
28314
28333
28337
28343
28346
28347
28348
28351
28358
28359
28382
28385
28386
28392
28393
28395
28401
28403
28404
28409
28419
28426
28431
28438
28440
28447
28452
28455
28462
28470
28473
28500
28502
28504
28507
28508
28510
28524
28530
28544
28549
28554
28559
28563
28568
28576
28580
28584
28594
28595
28597
28598
28601
28607
28609
28620
28626
28649
28657
28658
28679
28682
28693
28723
28734
28742
28749
28754
28763
28767
28768
28776
28785
28790
28794
28807
28815
28823
28831
28838
28839
28848
28859
28863
28869
28874
28876
28882
28897
28901
28928
28929
28931
28932
28941
28948
28959
28978
28980
28982
28989
28994
28996
29000
29014
29016
29023
29037
29058
29079
29082
29093
29103
29116
29131
29139
29142
29150
29167
29180
29186
29188
29192
29199
29200
29206
29217
29231
29247
29252
29266
29276
29279
29281
29282
29298
29299
29310
29312
29323
29324
29330
29340
29351
29352
29359
29361
29374
29377
29380
29382
29401
29402
29405
29411
29423
29425
29434
29448
29449
29456
29459
29467
29486
29494
29496
29498
29505
29506
29507
29513
29519
29523
29526
29529
29530
29535
29539
29561
29567
29579
29580
29586
29587
29588
29589
29594
29604
29606
29607
29610
29613
29616
29622
29625
29627
29632
29637
29644
29645
29647
29651
29656
29666
29670
29672
29674
29675
29678
29686
29689
29701
29702
29704
29709
29713
29714
29721
29726
29727
29738
29739
29749
29763
29765
29766
29771
29772
29782
29807
29811
29816
29825
29838
29840
29841
29842
29847
29855
29878
29879
29885
29895
29900
29902
29914
29922
29929
29932
29951
29968
29974
29979
29982
29984
29987
29990
29995
30002
30004
30015
30019
30032
30037
30038
30057
30058
30065
30070
30074
30076
30080
30081
30083
30116
30118
30119
30128
30130
30155
30160
30166
30171
30173
30177
30187
30191
30200
30213
30226
30243
30246
30253
30259
30264
30279
30280
30281
30287
30295
30297
30299
30305
30307
30318
30323
30341
30343
30345
30351
30366
30376
30383
30399
30407
30408
30411
30413
30433
30438
30444
30446
30448
30473
30477
30486
30491
30507
30517
30520
30523
30524
30541
30555
30557
30560
30568
30578
30581
30583
30591
30592
30595
30602
30613
30615
30640
30645
30648
30664
30668
30669
30670
30685
30698
30709
30713
30722
30727
30728
30730
30734
30735
30736
30737
30747
30754
30760
30770
30773
30775
30777
30781
30789
30800
30802
30805
30806
30809
30818
30820
30821
30824
30828
30839
30849
30868
30873
30877
30879
30884
30885
30886
30888
30900
30904
30914
30918
30921
30922
30926
30929
30930
30932
30952
30965
30966
30987
30990
30994
30995
31006
31017
31024
31046
31047
31054
31062
31086
31095
31097
31100
31102
31109
31121
31130
31146
31158
31159
31161
31163
31166
31173
31184
31187
31192
31195
31198
31199
31205
31207
31208
31210
31217
31220
31224
31226
31240
31245
31248
31266
31275
31280
31285
31299
31300
31306
31327
31330
31332
31335
31339
31341
31363
31368
31370
31384
31391
31399
31400
31426
31430
31436
31437
31454
31462
31470
31481
31497
31499
31500
31503
31506
31514
31518
31525
31561
31566
31578
31595
31603
31608
31611
31619
31630
31645
31646
31651
31653
31663
31664
31669
31674
31677
31684
31685
31691
31717
31730
31733
31735
31741
31744
31745
31746
31747
31753
31762
31776
31779
31786
31787
31789
31791
31792
31805
31819
31820
31821
31834
31836
31838
31840
31849
31855
31858
31861
31883
31900
31902
31906
31909
31911
31917
31921
31924
31929
31936
31953
31954
31958
31959
31964
31989
31996
31997
31999
32010
32019
32021
32033
32045
32057
32058
32070
32076
32078
32081
32082
32083
32084
32092
32093
32094
32095
32100
32107
32113
32118
32120
32121
32122
32130
32135
32140
32141
32142
32147
32150
32151
32156
32159
32160
32166
32179
32182
32183
32188
32191
32192
32193
32203
32204
32208
32214
32215
32216
32228
32229
32248
32250
32252
32253
32256
32258
32269
32274
32276
32280
32284
32295
32298
32311
32324
32330
32336
32357
32365
32372
32373
32375
32380
32381
32391
32392
32395
32398
32399
32404
32406
32416
32432
32438
32439
32440
32442
32444
32456
32458
32459
32461
32469
32481
32485
32492
32495
32496
32497
32505
32508
32511
32514
32526
32538
32554
32557
32563
32573
32576
32579
32581
32582
32592
32597
32612
32613
32616
32627
32638
32642
32663
32666
32668
32678
32682
32686
32699
32715
32718
32721
32726
32729
32736
32740
32751
32762
32768
32770
32771
32772
32779
32782
32789
32795
32798
32799
32810
32817
32824
32827
32828
32837
32839
32846
32848
32859
32860
32861
32862
32869
32871
32872
32873
32887
32888
32894
32900
32901
32906
32908
32911
32912
32913
32914
32917
32920
32937
32942
32950
32957
32962
32975
32976
32983
32987
32992
32993
33003
33008
33027
33030
33034
33044
33046
33047
33056
33061
33063
33068
33069
33070
33084
33085
33109
33110
33114
33128
33135
33142
33161
33166
33174
33181
33191
33192
33193
33195
33198
33214
33223
33225
33232
33244
33245
33256
33260
33265
33266
33276
33279
33294
33296
33307
33308
33315
33321
33322
33324
33326
33333
33341
33363
33379
33381
33383
33386
33402
33409
33430
33463
33466
33467
33471
33473
33488
33490
33493
33505
33506
33512
33513
33521
33524
33525
33543
33544
33548
33552
33553
33563
33572
33578
33586
33588
33592
33596
33603
33605
33614
33621
33623
33630
33639
33643
33650
33659
33661
33696
33698
33706
33709
33713
33715
33716
33717
33720
33721
33724
33729
33732
33740
33745
33746
33747
33756
33757
33761
33763
33765
33768
33775
33794
33798
33800
33809
33812
33833
33836
33838
33844
33848
33849
33850
33861
33866
33868
33873
33874
33877
33881
33883
33891
33892
33923
33924
33926
33930
33931
33935
33937
33946
33953
33960
33973
33981
33998
34008
34009
34013
34016
34024
34032
34037
34042
34050
34055
34080
34094
34102
34103
34109
34111
34137
34146
34154
34162
34164
34169
34171
34173
34179
34190
34191
34193
34195
34199
34203
34211
34215
34216
34224
34227
34228
34233
34234
34235
34242
34260
34264
34265
34274
34285
34289
34293
34296
34301
34303
34312
34318
34321
34324
34325
34326
34329
34338
34341
34347
34351
34358
34361
34364
34373
34379
34385
34393
34401
34402
34414
34416
34417
34418
34427
34428
34431
34448
34467
34472
34485
34489
34494
34502
34519
34520
34522
34523
34526
34529
34530
34540
34545
34546
34556
34562
34573
34575
34579
34591
34592
34603
34608
34617
34620
34627
34639
34647
34648
34659
34666
34677
34685
34690
34693
34697
34700
34710
34717
34733
34735
34736
34742
34758
34764
34768
34774
34781
34782
34802
34803
34817
34828
34830
34835
34836
34838
34845
34849
34851
34857
34864
34881
34889
34908
34911
34916
34920
34930
34943
34944
34954
34959
34966
34976
34979
34996
34999
35007
35012
35018
35022
35027
35029
35031
35032
35040
35042
35059
35063
35077
35089
35091
35093
35096
35098
35099
35101
35107
35110
35126
35130
35149
35155
35159
35169
35176
35177
35185
35187
35190
35199
35206
35212
35213
35218
35226
35230
35235
35248
35250
35252
35253
35255
35257
35264
35268
35272
35289
35290
35296
35313
35321
35324
35329
35330
35331
35332
35338
35340
35341
35346
35350
35351
35352
35354
35356
35360
35365
35368
35372
35373
35377
35379
35380
35383
35386
35389
35397
35400
35403
35415
35440
35458
35465
35470
35473
35487
35490
35502
35505
35520
35523
35535
35536
35539
35550
35553
35570
35573
35577
35579
35582
35612
35619
35624
35628
35641
35643
35644
35645
35649
35650
35656
35658
35659
35667
35672
35675
35676
35710
35711
35713
35715
35724
35725
35733
35734
35736
35738
35750
35751
35752
35755
35781
35782
35788
35793
35798
35802
35809
35814
35817
35830
35852
35874
35883
35888
35896
35911
35927
35933
35940
35952
35962
35970
35983
35985
35989
35991
35999
36007
36013
36026
36032
36034
36041
36046
36051
36053
36062
36063
36078
36079
36084
36095
36096
36115
36122
36139
36154
36158
36159
36160
36162
36165
36178
36180
36185
36199
36200
36214
36217
36220
36228
36230
36238
36240
36253
36254
36256
36259
36261
36267
36276
36278
36280
36283
36286
36316
36321
36322
36324
36335
36348
36353
36356
36357
36358
36362
36364
36367
36377
36379
36383
36392
36409
36416
36421
36428
36436
36443
36445
36457
36458
36459
36461
36478
36487
36492
36493
36498
36499
36502
36503
36506
36511
36519
36520
36538
36540
36548
36558
36570
36582
36590
36592
36594
36598
36601
36602
36623
36627
36632
36633
36634
36641
36644
36650
36662
36677
36679
36681
36689
36693
36697
36705
36709
36712
36717
36720
36740
36753
36764
36767
36771
36776
36780
36785
36786
36789
36795
36817
36818
36824
36829
36837
36846
36864
36869
36877
36880
36885
36886
36889
36895
36908
36913
36918
36934
36947
36950
36951
36954
36955
36956
36958
36961
36980
36982
36989
36995
36996
37000
37019
37022
37027
37038
37039
37043
37045
37049
37061
37063
37069
37073
37077
37079
37085
37100
37108
37114
37116
37124
37131
37152
37162
37174
37176
37188
37193
37195
37197
37199
37201
37205
37206
37210
37214
37218
37231
37232
37238
37266
37270
37275
37278
37279
37282
37316
37331
37333
37341
37363
37364
37367
37370
37376
37383
37387
37407
37420
37422
37426
37427
37433
37436
37442
37445
37451
37456
37458
37460
37472
37473
37481
37488
37494
37500
37506
37511
37516
37532
37534
37537
37541
37549
37552
37567
37573
37577
37583
37597
37599
37616
37618
37626
37638
37644
37648
37656
37660
37664
37668
37672
37674
37700
37701
37711
37712
37725
37727
37741
37745
37766
37784
37785
37788
37790
37801
37802
37806
37808
37815
37824
37829
37830
37831
37832
37836
37837
37838
37842
37845
37850
37851
37858
37860
37861
37868
37879
37880
37885
37896
37904
37911
37912
37914
37919
37925
37927
37929
37941
37959
37967
37968
37971
37978
38000
38009
38010
38016
38023
38033
38042
38045
38048
38057
38058
38059
38077
38080
38095
38102
38105
38110
38113
38116
38124
38129
38133
38140
38150
38153
38174
38175
38178
38179
38187
38190
38193
38204
38207
12
0
9
178
221
432
448
450
456
463
471
477
479
