7806
6
7
10
14
15
16
18
20
22
27
28
32
33
36
39
48
50
52
54
57
58
63
64
68
75
77
83
84
93
102
103
107
115
117
122
125
126
128
129
133
140
162
165
171
173
179
182
186
187
190
196
197
202
205
207
209
214
215
218
221
227
228
230
234
235
237
238
239
262
264
265
266
271
272
273
276
277
278
279
280
284
285
295
296
297
300
301
302
303
304
316
317
323
326
330
331
334
342
346
354
355
359
360
365
369
376
377
380
382
383
384
388
390
396
399
404
407
410
413
417
419
420
421
426
432
441
442
443
446
448
454
459
460
463
465
470
477
487
494
495
498
500
502
503
512
513
517
521
522
525
529
530
533
542
544
548
552
560
565
568
570
572
576
578
579
585
596
598
606
610
612
614
615
618
632
637
639
645
651
652
656
661
666
667
668
677
682
683
691
695
697
698
699
701
707
710
711
714
723
730
732
738
739
753
756
758
759
773
775
776
779
780
782
785
791
798
799
804
805
806
811
812
813
815
816
821
822
830
831
842
847
852
857
859
860
861
866
886
888
896
905
922
924
926
930
937
939
947
951
952
955
956
957
961
965
968
969
972
973
974
977
979
983
984
987
989
991
993
994
996
1000
1005
1009
1017
1024
1026
1033
1037
1042
1046
1051
1059
1060
1066
1067
1070
1071
1074
1076
1085
1089
1098
1099
1100
1104
1108
1113
1116
1120
1140
1145
1146
1147
1149
1152
1162
1164
1165
1169
1177
1178
1183
1199
1201
1206
1209
1213
1216
1217
1219
1221
1225
1226
1227
1234
1242
1243
1244
1245
1246
1247
1248
1250
1253
1258
1264
1268
1269
1271
1277
1279
1299
1300
1305
1307
1314
1316
1321
1324
1329
1331
1335
1341
1344
1346
1348
1364
1366
1368
1374
1375
1381
1385
1386
1389
1394
1395
1400
1402
1407
1408
1409
1410
1415
1416
1430
1443
1445
1446
1450
1454
1455
1459
1461
1470
1471
1472
1474
1483
1484
1485
1487
1489
1497
1500
1501
1506
1509
1511
1513
1514
1523
1539
1540
1552
1555
1559
1564
1565
1567
1569
1571
1572
1576
1584
1585
1589
1591
1597
1598
1610
1616
1617
1620
1626
1634
1641
1642
1643
1644
1649
1650
1651
1653
1659
1660
1661
1663
1668
1670
1672
1676
1683
1684
1691
1692
1693
1695
1697
1699
1700
1707
1710
1713
1721
1724
1726
1734
1738
1740
1746
1749
1750
1752
1761
1768
1772
1781
1782
1785
1786
1793
1794
1798
1806
1814
1817
1819
1824
1825
1829
1830
1835
1839
1840
1842
1846
1848
1853
1856
1859
1877
1880
1890
1894
1895
1899
1901
1910
1912
1917
1918
1923
1925
1926
1932
1934
1936
1937
1941
1942
1957
1959
1963
1964
1969
1971
1975
1984
1985
1987
1989
1992
1998
2002
2012
2013
2014
2015
2022
2023
2028
2036
2037
2045
2046
2053
2055
2060
2061
2064
2080
2082
2085
2088
2089
2092
2096
2097
2100
2105
2107
2109
2111
2117
2119
2122
2123
2130
2134
2142
2143
2147
2150
2153
2155
2161
2163
2165
2167
2172
2173
2175
2178
2179
2181
2186
2192
2196
2198
2203
2213
2216
2219
2220
2221
2233
2234
2236
2237
2238
2240
2247
2254
2258
2261
2263
2269
2274
2276
2280
2281
2284
2288
2290
2302
2311
2313
2316
2323
2329
2338
2343
2344
2352
2353
2357
2358
2359
2360
2362
2366
2368
2372
2378
2381
2383
2384
2386
2387
2389
2392
2396
2397
2399
2400
2401
2403
2404
2406
2409
2410
2421
2423
2425
2427
2432
2434
2438
2440
2442
2444
2446
2447
2448
2450
2451
2452
2459
2461
2464
2467
2471
2482
2484
2485
2489
2497
2498
2499
2502
2511
2512
2518
2519
2525
2527
2528
2529
2535
2536
2538
2542
2543
2545
2548
2555
2556
2579
2581
2582
2590
2595
2596
2597
2599
2605
2609
2611
2612
2613
2618
2620
2621
2624
2625
2636
2639
2645
2646
2647
2649
2650
2654
2655
2656
2663
2665
2666
2669
2672
2675
2676
2679
2682
2686
2687
2688
2689
2692
2693
2698
2701
2702
2705
2706
2709
2717
2719
2721
2728
2729
2731
2737
2739
2740
2742
2745
2747
2750
2753
2755
2766
2769
2770
2771
2774
2776
2783
2786
2791
2792
2793
2795
2799
2802
2806
2809
2814
2820
2823
2828
2831
2832
2833
2835
2838
2839
2840
2842
2843
2844
2866
2867
2871
2873
2886
2892
2900
2904
2905
2914
2917
2920
2926
2929
2934
2935
2936
2940
2943
2946
2948
2952
2954
2958
2960
2963
2965
2969
2986
2993
2996
2999
3004
3005
3010
3016
3017
3018
3019
3020
3022
3025
3028
3036
3041
3043
3047
3052
3054
3061
3062
3065
3066
3075
3076
3083
3084
3086
3087
3090
3098
3099
3100
3102
3106
3113
3119
3126
3127
3137
3139
3154
3161
3166
3171
3172
3174
3182
3190
3196
3199
3203
3204
3206
3208
3218
3219
3226
3227
3229
3235
3240
3247
3249
3254
3256
3260
3270
3272
3280
3284
3285
3287
3288
3290
3298
3301
3303
3307
3317
3321
3323
3331
3332
3337
3344
3349
3353
3356
3358
3362
3363
3364
3366
3369
3370
3373
3392
3394
3395
3401
3403
3404
3405
3408
3411
3413
3417
3420
3429
3432
3434
3435
3441
3443
3448
3450
3452
3454
3456
3462
3466
3468
3476
3485
3486
3487
3493
3500
3505
3508
3509
3511
3518
3524
3525
3527
3535
3548
3552
3553
3576
3589
3595
3597
3603
3606
3608
3612
3621
3622
3635
3636
3638
3644
3645
3652
3660
3671
3673
3674
3676
3678
3679
3682
3696
3701
3703
3707
3709
3713
3714
3719
3723
3727
3728
3732
3733
3734
3740
3741
3742
3745
3748
3756
3758
3762
3769
3774
3775
3777
3779
3782
3791
3795
3798
3799
3800
3803
3813
3815
3823
3830
3836
3852
3854
3858
3860
3864
3865
3871
3879
3881
3884
3885
3893
3895
3897
3900
3904
3905
3907
3909
3911
3913
3921
3926
3930
3931
3937
3944
3945
3947
3949
3954
3958
3963
3972
3976
3982
3984
3986
3987
3988
3989
4003
4012
4021
4022
4026
4028
4029
4031
4035
4038
4046
4048
4049
4051
4060
4062
4066
4068
4069
4070
4072
4089
4090
4092
4097
4100
4104
4105
4107
4116
4118
4122
4124
4125
4126
4131
4132
4133
4134
4135
4139
4141
4143
4149
4152
4159
4160
4166
4173
4176
4179
4186
4188
4192
4198
4201
4204
4206
4210
4213
4214
4215
4217
4224
4227
4228
4232
4235
4238
4239
4247
4249
4251
4253
4255
4256
4264
4266
4267
4271
4274
4276
4280
4296
4300
4315
4322
4323
4328
4334
4335
4337
4340
4344
4346
4347
4351
4360
4366
4370
4372
4376
4377
4380
4385
4388
4396
4398
4400
4401
4411
4412
4416
4419
4420
4422
4425
4426
4432
4442
4444
4449
4467
4469
4471
4472
4473
4475
4478
4479
4480
4481
4484
4485
4490
4491
4503
4507
4516
4529
4536
4537
4542
4552
4553
4558
4560
4568
4570
4588
4589
4590
4592
4593
4596
4597
4599
4602
4614
4618
4622
4625
4628
4630
4633
4637
4639
4640
4644
4650
4651
4653
4654
4656
4657
4663
4665
4667
4668
4669
4674
4681
4686
4689
4692
4700
4701
4707
4713
4714
4715
4719
4723
4726
4728
4731
4732
4733
4735
4739
4744
4745
4748
4751
4762
4764
4771
4772
4774
4781
4783
4785
4789
4790
4796
4797
4801
4808
4810
4820
4823
4824
4832
4833
4839
4841
4843
4844
4850
4852
4853
4856
4865
4871
4873
4876
4877
4881
4883
4887
4891
4893
4895
4896
4897
4902
4910
4912
4919
4920
4922
4923
4925
4927
4934
4938
4946
4952
4958
4959
4963
4967
4969
4973
4975
4977
4980
4982
4984
4985
4987
4992
4996
4998
5005
5006
5007
5012
5016
5019
5024
5028
5031
5034
5035
5036
5037
5038
5041
5044
5046
5052
5053
5054
5055
5057
5058
5059
5065
5075
5079
5082
5087
5089
5098
5099
5110
5111
5113
5114
5119
5120
5129
5136
5137
5140
5143
5144
5147
5148
5150
5151
5156
5157
5161
5164
5165
5173
5175
5177
5179
5187
5188
5189
5193
5198
5202
5204
5206
5207
5220
5229
5230
5231
5232
5241
5243
5249
5251
5254
5255
5257
5260
5261
5263
5265
5268
5274
5282
5283
5284
5285
5293
5296
5297
5302
5309
5331
5341
5343
5344
5346
5347
5350
5351
5352
5355
5358
5368
5369
5370
5373
5376
5380
5381
5382
5383
5385
5386
5389
5400
5408
5411
5413
5430
5437
5438
5441
5447
5452
5462
5464
5466
5468
5471
5474
5477
5479
5481
5489
5492
5496
5502
5506
5507
5512
5513
5517
5525
5529
5533
5534
5538
5539
5545
5547
5548
5551
5560
5561
5562
5565
5566
5568
5576
5577
5578
5579
5580
5585
5587
5593
5596
5598
5600
5601
5602
5607
5613
5628
5630
5631
5632
5636
5638
5641
5642
5644
5645
5646
5647
5648
5658
5672
5674
5678
5682
5683
5687
5698
5700
5704
5706
5709
5712
5713
5720
5725
5726
5727
5728
5732
5735
5736
5737
5739
5741
5745
5746
5749
5755
5757
5767
5770
5775
5783
5784
5787
5789
5799
5800
5805
5806
5807
5814
5817
5819
5822
5823
5825
5831
5833
5836
5837
5841
5843
5845
5849
5851
5853
5858
5861
5862
5863
5874
5885
5887
5889
5894
5895
5896
5903
5905
5908
5912
5913
5919
5920
5928
5931
5934
5935
5936
5937
5938
5944
5945
5956
5958
5960
5966
5972
5973
5979
5981
5985
5992
6000
6002
6003
6012
6022
6023
6032
6033
6034
6036
6040
6042
6045
6048
6051
6054
6059
6060
6062
6065
6069
6071
6075
6077
6078
6082
6083
6092
6095
6097
6100
6102
6105
6115
6116
6122
6127
6133
6134
6139
6140
6143
6144
6145
6146
6149
6153
6156
6158
6165
6169
6172
6175
6176
6188
6192
6193
6194
6201
6203
6205
6209
6211
6212
6217
6219
6223
6224
6225
6228
6229
6230
6241
6243
6247
6249
6250
6252
6254
6260
6261
6266
6269
6273
6281
6283
6284
6286
6290
6291
6292
6299
6303
6304
6308
6318
6319
6321
6323
6326
6328
6330
6336
6340
6346
6348
6352
6354
6355
6356
6359
6365
6367
6371
6385
6398
6406
6407
6409
6412
6414
6415
6426
6427
6428
6432
6435
6439
6440
6441
6442
6445
6448
6453
6454
6455
6457
6462
6465
6466
6467
6469
6472
6474
6475
6479
6482
6483
6489
6491
6501
6525
6529
6538
6541
6545
6547
6548
6551
6565
6573
6577
6587
6594
6601
6611
6612
6613
6618
6622
6628
6630
6646
6649
6650
6653
6654
6657
6664
6666
6667
6676
6677
6678
6680
6682
6684
6688
6689
6690
6692
6694
6695
6697
6702
6704
6712
6713
6715
6716
6718
6722
6725
6729
6732
6744
6748
6755
6764
6765
6773
6778
6779
6794
6795
6799
6801
6810
6811
6812
6816
6819
6823
6827
6837
6838
6842
6843
6844
6856
6859
6868
6870
6872
6877
6878
6879
6881
6884
6893
6894
6896
6909
6911
6913
6914
6919
6920
6926
6928
6931
6935
6941
6942
6949
6950
6953
6955
6957
6961
6965
6966
6976
6977
6978
6979
6982
6984
6985
6986
6990
6994
6995
6999
7002
7008
7012
7013
7018
7020
7024
7037
7040
7042
7043
7044
7056
7059
7060
7063
7065
7066
7067
7076
7080
7082
7084
7088
7089
7090
7095
7099
7102
7103
7106
7115
7117
7118
7121
7128
7129
7130
7140
7141
7143
7153
7160
7161
7163
7165
7167
7169
7170
7172
7175
7178
7180
7181
7191
7193
7194
7198
7199
7201
7203
7214
7216
7225
7226
7227
7230
7231
7235
7238
7241
7247
7248
7251
7253
7265
7267
7271
7277
7285
7287
7290
7297
7298
7300
7303
7306
7310
7315
7317
7321
7322
7323
7325
7326
7329
7347
7348
7349
7351
7352
7361
7362
7369
7374
7377
7381
7384
7385
7386
7392
7393
7397
7400
7403
7404
7409
7414
7419
7420
7422
7426
7427
7433
7434
7436
7440
7443
7445
7451
7453
7454
7456
7462
7463
7469
7474
7478
7479
7481
7482
7483
7486
7487
7495
7498
7502
7504
7510
7517
7519
7520
7521
7522
7524
7530
7536
7538
7539
7542
7544
7546
7551
7553
7554
7561
7565
7570
7575
7577
7580
7585
7594
7595
7597
7603
7604
7613
7615
7619
7623
7624
7628
7630
7632
7633
7634
7635
7644
7645
7646
7648
7651
7652
7657
7658
7660
7663
7664
7674
7679
7682
7683
7685
7687
7690
7691
7693
7694
7695
7697
7700
7706
7710
7714
7717
7722
7731
7742
7750
7754
7756
7765
7768
7777
7779
7780
7788
7796
7797
7805
7807
7808
7814
7818
7821
7822
7824
7826
7827
7828
7829
7832
7833
7835
7837
7841
7848
7857
7861
7864
7871
7874
7878
7883
7891
7892
7893
7894
7896
7898
7899
7901
7902
7912
7914
7920
7923
7926
7929
7931
7935
7936
7942
7947
7948
7951
7954
7956
7960
7963
7965
7973
7979
7983
7987
7993
7994
7996
8000
8005
8008
8016
8022
8028
8030
8031
8034
8035
8036
8049
8050
8051
8058
8060
8061
8062
8065
8066
8067
8072
8076
8085
8090
8093
8098
8100
8109
8118
8120
8122
8126
8133
8136
8138
8148
8150
8151
8152
8164
8169
8171
8173
8175
8185
8193
8196
8197
8201
8204
8213
8215
8218
8224
8228
8231
8235
8239
8243
8245
8246
8248
8250
8259
8260
8272
8279
8294
8302
8303
8307
8313
8317
8319
8320
8321
8329
8339
8340
8343
8344
8345
8349
8350
8358
8363
8364
8369
8371
8374
8375
8376
8377
8378
8380
8382
8384
8392
8401
8402
8405
8414
8418
8421
8422
8424
8426
8427
8429
8431
8435
8437
8438
8439
8443
8445
8450
8451
8454
8455
8458
8461
8463
8470
8472
8474
8475
8479
8484
8491
8493
8496
8499
8500
8503
8504
8513
8515
8516
8517
8520
8522
8526
8529
8533
8538
8543
8544
8551
8554
8555
8559
8565
8567
8570
8575
8579
8580
8586
8589
8590
8592
8593
8601
8604
8607
8615
8617
8623
8625
8626
8636
8641
8643
8645
8646
8650
8655
8659
8664
8667
8671
8677
8678
8680
8681
8690
8696
8698
8701
8704
8705
8708
8710
8712
8724
8726
8734
8735
8743
8749
8750
8751
8752
8754
8756
8759
8764
8766
8770
8774
8780
8781
8784
8786
8790
8793
8794
8795
8796
8797
8800
8804
8806
8807
8810
8811
8819
8822
8823
8825
8826
8834
8839
8843
8844
8848
8849
8853
8858
8860
8866
8868
8870
8873
8874
8875
8881
8886
8887
8890
8892
8893
8895
8897
8898
8899
8900
8904
8910
8913
8915
8925
8926
8930
8932
8933
8934
8940
8942
8945
8948
8951
8953
8956
8957
8958
8959
8962
8968
8969
8973
8980
8988
8996
9003
9004
9010
9026
9030
9031
9033
9034
9038
9043
9049
9052
9056
9068
9070
9074
9076
9079
9090
9091
9097
9098
9099
9100
9101
9102
9103
9104
9111
9112
9120
9124
9129
9139
9146
9152
9153
9158
9163
9165
9171
9172
9176
9177
9179
9182
9186
9188
9191
9196
9198
9207
9208
9212
9214
9216
9217
9218
9220
9221
9225
9226
9228
9237
9238
9241
9242
9243
9250
9258
9261
9266
9271
9278
9282
9284
9285
9290
9291
9303
9304
9305
9312
9315
9316
9325
9328
9329
9338
9347
9350
9351
9357
9358
9359
9362
9367
9368
9374
9376
9379
9381
9383
9387
9391
9399
9401
9413
9417
9418
9419
9429
9437
9438
9439
9440
9443
9445
9455
9459
9460
9463
9465
9467
9468
9469
9471
9472
9478
9479
9484
9488
9490
9491
9494
9495
9496
9498
9499
9500
9502
9507
9508
9514
9517
9518
9522
9525
9526
9531
9538
9542
9544
9549
9550
9551
9567
9571
9573
9584
9585
9587
9589
9590
9591
9602
9608
9612
9613
9621
9623
9631
9634
9636
9637
9646
9653
9654
9655
9678
9688
9703
9709
9710
9714
9715
9720
9724
9734
9735
9742
9746
9749
9756
9758
9759
9770
9773
9777
9779
9781
9782
9783
9784
9787
9790
9793
9802
9809
9812
9814
9815
9817
9820
9822
9825
9837
9839
9840
9842
9844
9858
9861
9862
9871
9874
9876
9879
9882
9884
9890
9894
9897
9898
9899
9908
9912
9921
9922
9926
9927
9928
9931
9934
9941
9943
9966
9971
9985
9987
9988
9996
9997
10000
10002
10013
10019
10021
10024
10025
10027
10033
10036
10037
10046
10047
10050
10054
10060
10061
10063
10066
10071
10074
10076
10077
10080
10084
10086
10087
10090
10091
10096
10099
10103
10104
10111
10118
10121
10124
10125
10127
10129
10131
10132
10136
10137
10140
10141
10142
10146
10149
10155
10156
10159
10161
10162
10165
10174
10176
10183
10184
10186
10187
10188
10189
10195
10200
10201
10208
10214
10215
10216
10219
10220
10224
10225
10227
10228
10232
10233
10237
10238
10242
10247
10248
10252
10255
10259
10262
10270
10274
10289
10290
10293
10294
10296
10299
10301
10304
10308
10309
10313
10324
10325
10331
10341
10345
10347
10351
10357
10359
10364
10367
10368
10369
10371
10377
10389
10406
10409
10410
10411
10412
10416
10418
10419
10421
10430
10433
10434
10438
10440
10447
10448
10457
10458
10460
10463
10467
10471
10478
10485
10487
10496
10498
10501
10503
10512
10514
10517
10524
10528
10529
10540
10542
10544
10546
10549
10553
10555
10556
10568
10569
10571
10576
10580
10583
10587
10590
10591
10593
10596
10597
10599
10603
10606
10613
10619
10620
10622
10623
10624
10628
10636
10637
10638
10640
10641
10646
10650
10652
10655
10660
10667
10669
10672
10680
10682
10684
10691
10696
10698
10699
10700
10707
10709
10710
10711
10713
10714
10716
10721
10723
10735
10743
10746
10750
10756
10775
10776
10777
10780
10788
10789
10797
10798
10804
10809
10810
10813
10814
10815
10816
10817
10818
10820
10821
10823
10824
10829
10830
10834
10835
10839
10840
10841
10843
10844
10845
10846
10852
10856
10861
10863
10870
10873
10874
10876
10877
10881
10883
10890
10891
10893
10894
10897
10912
10915
10917
10919
10920
10922
10926
10928
10930
10933
10941
10946
10947
10951
10953
10957
10958
10960
10961
10962
10964
10974
10978
10979
10980
10984
10987
10988
10991
10993
11001
11002
11003
11009
11010
11012
11013
11018
11022
11023
11026
11032
11034
11040
11042
11046
11050
11053
11057
11059
11060
11064
11065
11070
11072
11073
11076
11078
11081
11083
11085
11089
11091
11096
11101
11105
11107
11115
11117
11118
11119
11120
11124
11129
11133
11134
11135
11137
11140
11142
11143
11144
11147
11148
11149
11151
11158
11159
11163
11168
11169
11172
11173
11174
11177
11182
11184
11196
11198
11200
11204
11205
11207
11211
11212
11220
11223
11224
11225
11233
11234
11239
11240
11247
11254
11255
11256
11257
11273
11284
11286
11287
11288
11293
11300
11302
11308
11315
11318
11323
11324
11327
11334
11337
11338
11351
11357
11360
11366
11367
11368
11373
11376
11379
11389
11399
11400
11401
11402
11404
11405
11407
11409
11410
11419
11420
11421
11424
11426
11427
11434
11437
11440
11441
11444
11448
11454
11459
11464
11465
11467
11472
11475
11479
11483
11489
11492
11494
11496
11499
11500
11501
11513
11514
11520
11521
11529
11530
11532
11537
11538
11542
11544
11551
11562
11564
11568
11571
11579
11580
11592
11597
11598
11603
11606
11611
11615
11624
11626
11629
11630
11634
11635
11637
11638
11647
11648
11650
11656
11663
11665
11666
11667
11668
11673
11674
11676
11678
11684
11687
11694
11697
11701
11703
11708
11711
11712
11715
11718
11720
11723
11725
11731
11733
11734
11735
11737
11739
11740
11750
11752
11758
11759
11760
11764
11769
11772
11773
11774
11775
11782
11787
11791
11793
11795
11797
11803
11804
11807
11808
11809
11812
11819
11823
11824
11828
11829
11830
11831
11833
11836
11840
11842
11843
11850
11851
11853
11856
11857
11864
11866
11867
11868
11873
11874
11885
11886
11895
11897
11901
11909
11910
11915
11922
11926
11931
11932
11935
11938
11941
11942
11945
11949
11959
11964
11968
11977
11978
11979
11980
11985
11987
11992
11993
11999
12005
12008
12009
12011
12014
12015
12034
12044
12049
12050
12053
12055
12059
12066
12081
12082
12085
12086
12088
12091
12094
12095
12097
12098
12100
12106
12109
12113
12115
12117
12124
12127
12128
12133
12135
12137
12140
12141
12142
12148
12150
12151
12163
12167
12169
12173
12174
12175
12176
12180
12182
12187
12189
12195
12196
12206
12218
12220
12222
12224
12226
12229
12231
12241
12246
12253
12255
12256
12260
12264
12265
12268
12269
12276
12281
12282
12283
12285
12288
12293
12294
12296
12298
12299
12300
12303
12305
12313
12314
12316
12323
12338
12339
12346
12347
12358
12363
12364
12369
12375
12376
12378
12382
12385
12387
12402
12403
12404
12406
12408
12411
12416
12428
12429
12432
12440
12441
12443
12444
12445
12447
12450
12458
12468
12469
12473
12476
12480
12481
12482
12488
12489
12493
12495
12497
12498
12499
12505
12506
12510
12514
12515
12518
12519
12521
12526
12528
12532
12537
12540
12541
12558
12559
12561
12562
12563
12566
12571
12580
12582
12590
12591
12600
12601
12603
12604
12605
12606
12607
12608
12609
12610
12612
12625
12626
12627
12631
12633
12638
12650
12655
12659
12663
12667
12673
12675
12676
12679
12680
12690
12694
12696
12699
12701
12704
12705
12714
12720
12724
12729
12731
12739
12752
12754
12757
12759
12760
12765
12767
12768
12770
12774
12775
12778
12779
12781
12782
12783
12786
12791
12793
12795
12797
12801
12810
12812
12814
12819
12822
12824
12825
12827
12828
12838
12842
12847
12848
12849
12851
12858
12865
12870
12876
12879
12881
12897
12901
12913
12914
12916
12919
12921
12924
12933
12935
12936
12938
12941
12944
12946
12953
12955
12958
12959
12961
12965
12969
12978
12979
12982
12985
12987
12988
12994
12995
12996
12997
13006
13009
13015
13021
13025
13026
13028
13035
13037
13046
13048
13049
13055
13061
13063
13069
13072
13076
13085
13090
13091
13099
13101
13103
13104
13108
13109
13114
13115
13117
13119
13120
13121
13122
13123
13125
13134
13137
13138
13142
13144
13145
13146
13154
13157
13159
13161
13166
13169
13175
13177
13179
13180
13182
13184
13185
13188
13191
13193
13198
13201
13206
13208
13209
13210
13211
13212
13218
13220
13224
13227
13233
13234
13235
13238
13240
13242
13253
13271
13276
13277
13279
13281
13289
13292
13293
13296
13299
13301
13302
13307
13309
13313
13314
13319
13320
13324
13326
13327
13329
13332
13334
13335
13336
13337
13338
13342
13344
13348
13351
13355
13356
13357
13363
13371
13376
13377
13378
13380
13383
13396
13400
13401
13402
13403
13407
13410
13413
13415
13418
13423
13426
13427
13428
13429
13431
13433
13435
13437
13438
13440
13446
13447
13452
13456
13465
13470
13471
13472
13476
13480
13486
13487
13488
13493
13498
13506
13510
13523
13526
13527
13530
13534
13537
13539
13540
13543
13544
13550
13554
13556
13557
13559
13564
13569
13571
13572
13575
13580
13584
13586
13589
13591
13595
13612
13613
13615
13618
13628
13629
13631
13632
13638
13640
13646
13653
13657
13661
13665
13667
13668
13670
13673
13674
13675
13676
13677
13679
13680
13682
13692
13697
13698
13699
13700
13701
13702
13706
13715
13717
13723
13728
13736
13742
13745
13746
13752
13756
13758
13759
13766
13768
13774
13775
13776
13782
13786
13789
13795
13796
13797
13798
13802
13805
13811
13812
13814
13819
13822
13824
13825
13831
13839
13840
13843
13844
13852
13860
13862
13865
13866
13868
13869
13874
13883
13894
13896
13900
13902
13903
13904
13909
13910
13913
13917
13918
13920
13922
13924
13928
13932
13934
13935
13940
13945
13949
13950
13957
13962
13970
13972
13975
13976
13978
13985
13986
13988
13991
13994
13996
14005
14006
14011
14012
14013
14014
14015
14017
14018
14019
14022
14024
14025
14036
14038
14045
14050
14053
14063
14064
14066
14067
14069
14071
14073
14074
14076
14077
14080
14086
14088
14093
14094
14097
14100
14102
14106
14110
14112
14113
14116
14119
14120
14123
14129
14130
14133
14139
14145
14146
14155
14158
14160
14162
14163
14164
14167
14171
14176
14179
14181
14182
14185
14187
14189
14191
14203
14204
14208
14213
14214
14216
14218
14220
14223
14232
14233
14234
14236
14238
14240
14244
14245
14246
14256
14258
14259
14260
14261
14263
14267
14271
14274
14275
14276
14277
14282
14283
14285
14287
14291
14303
14305
14307
14309
14310
14312
14317
14318
14319
14325
14329
14330
14339
14347
14351
14353
14360
14363
14364
14373
14376
14380
14382
14384
14391
14392
14394
14396
14397
14400
14405
14407
14419
14422
14431
14432
14434
14442
14443
14446
14451
14452
14454
14455
14456
14461
14462
14465
14468
14476
14478
14480
14481
14484
14489
14491
14498
14507
14510
14512
14514
14516
14519
14521
14523
14526
14531
14532
14533
14534
14535
14539
14542
14547
14549
14553
14558
14560
14572
14574
14577
14580
14583
14585
14587
14596
14605
14606
14609
14614
14615
14617
14626
14631
14632
14634
14637
14641
14642
14643
14644
14646
14651
14652
14657
14666
14668
14673
14679
14683
14684
14689
14690
14693
14702
14703
14709
14717
14721
14723
14729
14741
14745
14747
14751
14754
14757
14760
14763
14765
14775
14778
14782
14784
14787
14789
14793
14794
14795
14803
14815
14819
14820
14821
14825
14826
14830
14832
14838
14841
14842
14844
14846
14848
14849
14866
14870
14875
14876
14886
14887
14889
14890
14892
14893
14894
14897
14900
14901
14902
14904
14907
14909
14911
14918
14920
14923
14925
14927
14929
14939
14942
14943
14944
14949
14951
14952
14953
14954
14958
14959
14960
14964
14965
14974
14976
14979
14990
14995
14996
14997
14999
15001
15003
15004
15007
15011
15012
15013
15014
15018
15019
15024
15032
15040
15056
15060
15061
15063
15065
15068
15070
15074
15076
15077
15090
15097
15101
15103
15106
15107
15110
15121
15127
15138
15140
15143
15147
15150
15151
15155
15158
15161
15169
15171
15173
15174
15176
15177
15181
15182
15183
15184
15186
15190
15191
15192
15194
15197
15198
15201
15208
15210
15215
15216
15217
15221
15228
15229
15231
15239
15241
15248
15250
15253
15264
15267
15272
15284
15285
15288
15292
15303
15304
15306
15307
15308
15309
15311
15312
15313
15314
15321
15325
15330
15335
15337
15342
15346
15347
15350
15353
15374
15375
15382
15383
15387
15389
15390
15391
15397
15400
15402
15404
15407
15413
15435
15437
15439
15448
15451
15456
15461
15462
15464
15466
15476
15479
15480
15481
15482
15483
15486
15488
15491
15496
15498
15500
15503
15505
15510
15521
15524
15537
15538
15553
15554
15558
15559
15560
15562
15566
15570
15575
15577
15583
15587
15594
15595
15600
15607
15618
15624
15625
15631
15633
15636
15640
15642
15644
15646
15648
15653
15655
15660
15661
15665
15666
15668
15670
15673
15678
15681
15691
15692
15696
15697
15700
15712
15714
15716
15721
15726
15731
15735
15738
15747
15750
15757
15758
15759
15764
15772
15774
15776
15784
15787
15790
15792
15794
15799
15802
15804
15805
15818
15819
15821
15823
15825
15826
15835
15838
15839
15840
15841
15843
15845
15846
15848
15850
15851
15854
15862
15874
15878
15879
15880
15887
15890
15891
15894
15895
15897
15902
15904
15905
15910
15913
15914
15915
15917
15921
15924
15928
15932
15936
15937
15938
15939
15942
15943
15944
15945
15948
15949
15951
15952
15961
15963
15964
15970
15974
15983
15985
15987
15990
15998
16001
16005
16008
16010
16013
16020
16021
16027
16029
16031
16032
16040
16043
16044
16046
16047
16049
16050
16057
16060
16068
16070
16075
16077
16082
16085
16086
16087
16089
16092
16096
16099
16100
16101
16102
16104
16106
16108
16111
16112
16116
16118
16121
16122
16123
16126
16132
16135
16139
16140
16152
16158
16163
16165
16166
16167
16169
16171
16172
16176
16179
16180
16182
16186
16188
16191
16204
16211
16212
16218
16223
16233
16234
16238
16239
16245
16247
16248
16249
16253
16260
16266
16268
16269
16285
16288
16294
16300
16302
16305
16306
16307
16314
16315
16316
16319
16322
16336
16345
16346
16348
16351
16358
16364
16376
16377
16381
16383
16387
16394
16395
16398
16399
16402
16403
16407
16408
16409
16411
16416
16419
16425
16427
16435
16438
16443
16445
16449
16452
16458
16459
16463
16466
16467
16468
16481
16489
16490
16491
16499
16501
16503
16505
16514
16516
16519
16521
16525
16526
16534
16536
16540
16541
16544
16547
16548
16551
16552
16555
16556
16559
16562
16565
16577
16590
16595
16598
16603
16612
16613
16617
16622
16623
16625
16648
16649
16658
16659
16661
16668
16670
16671
16676
16678
16682
16694
16701
16708
16710
16714
16717
16723
16725
16730
16731
16734
16737
16741
16749
16750
16760
16762
16763
16769
16772
16773
16774
16775
16777
16781
16784
16787
16789
16791
16792
16793
16805
16807
16815
16816
16819
16821
16823
16826
16827
16829
16833
16836
16841
16844
16854
16855
16856
16858
16859
16863
16864
16865
16869
16874
16875
16879
16880
16883
16884
16885
16900
16907
16908
16911
16912
16916
16920
16922
16926
16929
16933
16939
16940
16942
16946
16947
16948
16953
16954
16956
16958
16975
16976
16977
16982
16985
16991
16996
17006
17008
17009
17013
17017
17026
17029
17033
17035
17038
17047
17048
17050
17051
17055
17056
17057
17062
17069
17070
17071
17074
17075
17082
17089
17092
17098
17103
17104
17110
17124
17126
17128
17135
17144
17149
17152
17153
17156
17169
17171
17172
17180
17188
17190
17192
17193
17194
17199
17210
17217
17218
17223
17226
17236
17237
17238
17239
17240
17241
17242
17243
17244
17249
17262
17263
17275
17276
17283
17286
17301
17305
17312
17313
17314
17316
17317
17318
17321
17322
17331
17332
17342
17354
17360
17361
17368
17371
17381
17383
17392
17400
17405
17406
17408
17410
17415
17416
17419
17427
17433
17436
17438
17441
17442
17448
17456
17462
17465
17468
17471
17476
17479
17482
17489
17490
17491
17492
17493
17498
17501
17502
17505
17507
17513
17517
17527
17532
17534
17536
17540
17542
17549
17558
17564
17565
17566
17567
17568
17569
17570
17576
17578
17580
17582
17583
17584
17592
17594
17600
17601
17604
17611
17613
17620
17621
17622
17624
17625
17627
17636
17639
17640
17644
17645
17651
17654
17657
17658
17661
17664
17665
17666
17671
17673
17677
17680
17683
17686
17687
17689
17694
17704
17708
17709
17712
17713
17716
17718
17720
17726
17727
17728
17729
17734
17736
17737
17740
17742
17743
17745
17754
17760
17762
17775
17776
17782
17783
17785
17786
17791
17795
17798
17800
17801
17803
17815
17821
17829
17833
17834
17837
17839
17842
17843
17845
17846
17847
17848
17855
17856
17860
17879
17883
17888
17890
17895
17899
17903
17905
17906
17915
17916
17918
17919
17929
17931
17932
17934
17935
17943
17946
17950
17952
17957
17958
17961
17962
17964
17966
17969
17970
17977
17979
17991
17994
17996
17999
18017
18018
18020
18024
18028
18034
18041
18044
18046
18049
18056
18059
18062
18065
18071
18073
18075
18085
18096
18097
18100
18101
18106
18108
18110
18111
18112
18118
18133
18134
18136
18137
18143
18153
18159
18160
18163
18166
18171
18172
18178
18182
18187
18188
18189
18190
18195
18196
18199
18202
18203
18205
18208
18210
18213
18219
18220
18230
18235
18242
18248
18258
18259
18260
18261
18263
18264
18266
18272
18274
18275
18276
18279
18280
18281
18287
18289
18292
18296
18300
18303
18305
18307
18308
18309
18311
18313
18315
18318
18320
18322
18324
18326
18334
18339
18341
18343
18350
18353
18356
18361
18365
18368
18370
18373
18377
18397
18399
18405
18412
18414
18415
18418
18419
18429
18432
18434
18435
18437
18438
18439
18440
18449
18451
18457
18471
18480
18484
18485
18491
18493
18494
18495
18500
18503
18507
18508
18511
18513
18516
18520
18526
18530
18537
18538
18545
18551
18561
18565
18568
18569
18570
18571
18587
18593
18596
18600
18602
18604
18617
18621
18629
18632
18637
18640
18643
18651
18652
18658
18662
18664
18667
18668
18670
18671
18672
18673
18681
18683
18684
18690
18691
18699
18702
18703
18704
18711
18713
18714
18716
18727
18742
18743
18754
18756
18759
18760
18761
18762
18764
18767
18771
18773
18775
18777
18783
18784
18790
18793
18795
18797
18802
18805
18806
18810
18816
18817
18819
18822
18826
18827
18833
18834
18835
18843
18850
18852
18856
18857
18859
18861
18862
18865
18871
18872
18874
18876
18886
18887
18894
18897
18899
18902
18904
18907
18908
18909
18910
18912
18916
18920
18927
18930
18932
18937
18939
18945
18946
18950
18953
18959
18960
18962
18963
18969
18970
18981
18982
18994
19004
19005
19012
19016
19020
19021
19029
19030
19031
19032
19035
19037
19042
19051
19052
19055
19056
19061
19063
19072
19078
19087
19088
19089
19091
19094
19097
19100
19101
19102
19103
19107
19112
19116
19117
19127
19129
19131
19136
19137
19138
19139
19148
19149
19150
19154
19156
19161
19165
19175
19181
19187
19191
19192
19197
19205
19212
19217
19225
19228
19231
19232
19233
19237
19239
19247
19253
19254
19256
19257
19258
19259
19261
19266
19272
19273
19278
19279
19285
19289
19298
19301
19302
19303
19308
19312
19319
19323
19326
19327
19330
19335
19343
19347
19350
19354
19355
19363
19373
19379
19380
19381
19386
19387
19388
19390
19391
19394
19402
19406
19407
19408
19411
19414
19416
19426
19427
19429
19430
19437
19444
19452
19454
19455
19461
19470
19471
19473
19476
19477
19478
19481
19484
19487
19489
19491
19496
19498
19500
19505
19508
19510
19511
19514
19519
19523
19530
19531
19535
19546
19548
19549
19552
19553
19555
19559
19561
19563
19564
19567
19569
19572
19577
19586
19596
19599
19607
19608
19621
19628
19629
19631
19644
19646
19651
19655
19658
19659
19662
19669
19672
19673
19677
19679
19685
19691
19694
19696
19698
19699
19700
19702
19704
19711
19722
19723
19726
19730
19732
19735
19736
19739
19740
19742
19745
19752
19754
19757
19758
19759
19765
19772
19782
19786
19788
19789
19791
19793
19796
19797
19798
19802
19814
19817
19819
19821
19822
19829
19834
19841
19842
19848
19854
19858
19859
19863
19877
19880
19886
19894
19897
19898
19904
19908
19909
19911
19912
19916
19918
19919
19920
19925
19927
19933
19937
19938
19939
19943
19946
19948
19966
19971
19972
19979
19980
19986
19988
19994
19995
20000
20009
20012
20013
20015
20016
20020
20028
20035
20038
20039
20047
20048
20052
20053
20056
20059
20063
20064
20065
20068
20071
20072
20074
20076
20077
20086
20093
20096
20097
20102
20103
20107
20111
20114
20118
20119
20121
20122
20123
20127
20128
20129
20130
20132
20135
20142
20150
20151
20152
20160
20168
20172
20173
20174
20179
20181
20183
20186
20196
20202
20208
20220
20221
20231
20232
20234
20235
20241
20244
20250
20253
20259
20260
20266
20270
20274
20277
20279
20286
20291
20293
20296
20300
20301
20305
20306
20313
20315
20317
20318
20323
20329
20334
20336
20337
20339
20343
20347
20351
20360
20361
20362
20365
20366
20370
20376
20382
20385
20389
20391
20392
20394
20409
20418
20421
20423
20431
20432
20433
20434
20440
20441
20445
20447
20449
20450
20453
20454
20456
20460
20464
20467
20470
20472
20473
20474
20479
20480
20488
20489
20501
20504
20509
20510
20513
20520
20521
20523
20527
20535
20538
20541
20543
20544
20553
20558
20563
20565
20568
20569
20571
20575
20583
20589
20593
20594
20596
20597
20603
20614
20615
20619
20624
20627
20631
20633
20640
20642
20659
20660
20661
20663
20668
20673
20675
20680
20683
20684
20697
20703
20704
20705
20708
20711
20712
20713
20716
20727
20737
20741
20742
20745
20748
20754
20757
20760
20763
20765
20769
20771
20773
20774
20780
20784
20786
20788
20789
20795
20796
20797
20798
20800
20801
20807
20809
20810
20817
20819
20820
20825
20828
20833
20834
20837
20838
20842
20844
20845
20850
20851
20857
20858
20863
20864
20865
20875
20878
20879
20880
20887
20891
20892
20896
20897
20910
20911
20912
20914
20915
20916
20917
20922
20923
20930
20932
20933
20935
20944
20950
20951
20956
20960
20963
20964
20968
20977
20982
20987
20991
21000
21005
21012
21016
21018
21019
21020
21023
21024
21029
21030
21039
21046
21047
21049
21055
21056
21057
21058
21060
21066
21067
21074
21075
21076
21078
21086
21088
21093
21094
21104
21106
21107
21109
21110
21111
21115
21127
21131
21132
21133
21135
21140
21142
21144
21149
21154
21155
21161
21172
21173
21176
21177
21179
21186
21188
21189
21194
21197
21201
21202
21207
21214
21215
21222
21226
21228
21231
21237
21242
21244
21245
21246
21248
21249
21252
21254
21257
21258
21261
21263
21269
21270
21272
21274
21280
21287
21289
21301
21310
21317
21325
21330
21333
21336
21337
21342
21347
21348
21349
21352
21353
21354
21355
21363
21364
21381
21383
21388
21391
21397
21398
21402
21403
21405
21418
21433
21434
21439
21440
21441
21447
21449
21450
21458
21459
21466
21468
21471
21472
21477
21481
21483
21484
21485
21486
21487
21490
21493
21496
21502
21513
21516
21520
21522
21523
21530
21546
21549
21550
21552
21555
21556
21560
21572
21574
21577
21580
21582
21583
21593
21594
21598
21603
21605
21609
21614
21618
21626
21627
21629
21640
21647
21651
21654
21657
21659
21661
21666
21676
21677
21683
21692
21696
21699
21704
21705
21709
21716
21718
21719
21722
21724
21734
21736
21740
21743
21746
21747
21752
21761
21762
21763
21771
21778
21779
21784
21786
21794
21795
21801
21802
21803
21805
21806
21811
21820
21823
21824
21828
21829
21837
21838
21840
21845
21848
21851
21859
21866
21868
21870
21871
21872
21874
21881
21882
21885
21887
21890
21892
21893
21905
21908
21910
21911
21912
21915
21917
21920
21921
21922
21923
21924
21925
21928
21929
21940
21942
21943
21944
21946
21949
21951
21953
21957
21963
21964
21966
21969
21970
21973
21975
21977
21978
21984
21989
21991
21993
21997
22001
22002
22012
22016
22017
22024
22032
22049
22056
22059
22064
22069
22072
22076
22082
22084
22089
22091
22095
22099
22105
22106
22116
22119
22121
22122
22123
22126
22129
22142
22147
22151
22159
22162
22168
22170
22173
22175
22176
22180
22183
22185
22186
22196
22201
22202
22206
22209
22213
22220
22222
22225
22229
22233
22236
22237
22238
22243
22244
22247
22255
22256
22258
22269
22270
22274
22276
22281
22282
22284
22285
22287
22297
22298
22306
22311
22319
22321
22322
22324
22326
22327
22330
22334
22339
22344
22346
22348
22349
22354
22356
22373
22376
22383
22387
22389
22390
22392
22407
22411
22412
22416
22419
22420
22421
22422
22424
22427
22428
22430
22433
22434
22436
22440
22441
22442
22445
22446
22447
22456
22457
22459
22460
22463
22465
22469
22474
22477
22482
22508
22510
22516
22518
22519
22522
22524
22526
22527
22531
22535
22540
22541
22542
22549
22552
22556
22559
22565
22566
22569
22571
22572
22573
22574
22575
22576
22577
22585
22588
22589
22590
22592
22597
22598
22601
22606
22607
22617
22621
22625
22627
22634
22635
22641
22642
22644
22646
22655
22664
22667
22670
22672
22673
22676
22677
22679
22683
22686
22690
22695
22703
22713
22716
22722
22724
22733
22737
22739
22743
22747
22749
22752
22755
22771
22774
22777
22780
22789
22790
22796
22797
22799
22806
22810
22815
22817
22824
22825
22831
22832
22834
22836
22843
22844
22845
22850
22851
22852
22860
22865
22871
22877
22881
22882
22883
22892
22893
22897
22901
22905
22914
22915
22917
22922
22925
22944
22945
22951
22953
22957
22967
22984
22989
23002
23008
23009
23011
23019
23020
23022
23023
23026
23029
23030
23031
23036
23049
23050
23051
23052
23054
23055
23059
23061
23062
23064
23073
23075
23076
23081
23085
23086
23089
23092
23094
23095
23096
23101
23102
23106
23114
23122
23127
23128
23129
23130
23131
23132
23133
23136
23138
23140
23143
23147
23149
23154
23160
23162
23168
23169
23171
23174
23180
23183
23189
23192
23193
23195
23196
23200
23206
23207
23221
23222
23227
23230
23233
23235
23236
23237
23238
23239
23241
23244
23258
23259
23261
23262
23265
23269
23271
23276
23279
23282
23286
23293
23297
23298
23300
23302
23305
23310
23312
23314
23323
23325
23328
23330
23331
23332
23334
23335
23339
23341
23343
23344
23345
23347
23348
23355
23358
23360
23361
23363
23365
23370
23371
23374
23378
23380
23381
23385
23389
23394
23395
23404
23408
23411
23413
23414
23418
23428
23431
23434
23435
23440
23452
23455
23460
23466
23468
23470
23471
23473
23478
23479
23483
23490
23493
23495
23496
23497
23499
23500
23502
23505
23506
23507
23508
23510
23511
23520
23531
23535
23545
23547
23552
23555
23569
23582
23589
23592
23594
23599
23606
23609
23621
23622
23635
23641
23651
23655
23656
23659
23664
23672
23673
23674
23678
23679
23683
23684
23687
23688
23696
23700
23701
23702
23709
23710
23714
23716
23723
23724
23731
23733
23737
23739
23741
23744
23746
23751
23762
23766
23767
23772
23773
23781
23786
23788
23789
23793
23794
23795
23799
23803
23804
23809
23812
23813
23817
23819
23822
23832
23840
23848
23853
23856
23859
23864
23867
23870
23872
23875
23879
23885
23887
23889
23890
23895
23899
23900
23912
23915
23917
23918
23920
23921
23923
23928
23937
23939
23941
23944
23945
23948
23962
23967
23969
23970
23971
23978
23980
23992
23993
23994
23998
24001
24012
24013
24014
24015
24018
24020
24022
24024
24026
24027
24031
24034
24040
24043
24044
24047
24048
24051
24058
24060
24063
24065
24068
24071
24073
24075
24077
24078
24087
24092
24104
24105
24106
24110
24112
24117
24119
24121
24129
24131
24138
24139
24147
24149
24150
24152
24153
24155
24156
24159
24161
24164
24165
24166
24167
24178
24185
24186
24188
24189
24190
24194
24196
24199
24200
24201
24206
24210
24213
24216
24218
24234
24238
24240
24241
24246
24256
24262
24268
24273
24275
24276
24279
24284
24291
24292
24312
24314
24317
24320
24322
24325
24326
24327
24328
24330
24333
24334
24338
24339
24340
24343
24354
24366
24373
24381
24387
24392
24395
24399
24404
24407
24415
24423
24424
24432
24433
24438
24439
24441
24446
24449
24457
24458
24460
24465
24468
24471
24473
24476
24479
24483
24485
24487
24491
24492
24497
24499
24514
24515
24518
24526
24527
24534
24538
24541
24542
24543
24544
24546
24548
24549
24550
24553
24557
24566
24570
24575
24580
24581
24582
24583
24589
24590
24592
24598
24601
24606
24607
24612
24615
24619
24624
24625
24627
24628
24633
24634
24640
24644
24648
24656
24659
24666
24669
24674
24675
24677
24680
24684
24693
24695
24696
24697
24698
24706
24707
24718
24740
24743
24744
24745
24756
24760
24761
24771
24789
24792
24795
24799
24802
24803
24806
24809
24814
24817
24820
24823
24826
24830
24831
24836
24840
24843
24844
24850
24851
24858
24859
24860
24864
24865
24870
24878
24879
24881
24887
24899
24900
24901
24903
24907
24915
24917
24918
24920
24922
24925
24928
24931
24933
24935
24936
24937
24939
24940
24941
24942
24945
24949
24952
24953
24954
24955
24963
24968
24976
24977
24978
24980
24982
24987
24989
24990
24993
24995
25018
25021
25022
25025
25027
25028
25030
25034
25038
25040
25043
25054
25055
25061
25062
25066
25068
25073
25074
25075
25076
25083
25085
25090
25093
25094
25100
25102
25108
25110
25112
25125
25131
25132
25145
25149
25152
25155
25160
25161
25163
25164
25168
25174
25175
25176
25177
25178
25179
25184
25186
25194
25203
25209
25212
25213
25216
25217
25222
25226
25228
25232
25236
25242
25246
25249
25250
25256
25263
25264
25265
25266
25270
25271
25272
25273
25280
25290
25291
25309
25311
25313
25316
25320
25325
25328
25329
25334
25337
25338
25341
25345
25347
25350
25351
25355
25362
25363
25366
25369
25375
25376
25377
25380
25385
25386
25388
25394
25402
25410
25417
25419
25422
25424
25428
25431
25432
25435
25437
25438
25441
25442
25449
25462
25466
25471
25475
25484
25485
25486
25487
25492
25493
25501
25505
25508
25509
25511
25521
25524
25531
25533
25534
25537
25542
25543
25546
25549
25555
25557
25560
25564
25566
25568
25576
25581
25582
25583
25584
25596
25597
25598
25602
25604
25607
25611
25612
25615
25617
25621
25626
25631
25637
25638
25643
25646
25650
25663
25665
25668
25669
25673
25674
25680
25686
25694
25697
25698
25704
25706
25708
25710
25714
25719
25723
25726
25732
25736
25740
25741
25746
25749
25752
25753
25756
25757
25761
25763
25766
25773
25776
25784
25785
25788
25790
25791
25796
25802
25808
25811
25817
25820
25830
25833
25835
25839
25840
25841
25842
25846
25851
25858
25864
25871
25873
25875
25878
25883
25886
25889
25895
25898
25902
25905
25913
25917
25919
25921
25922
25924
25926
25930
25933
25934
25942
25944
25945
25948
25956
25957
25961
25964
25967
25969
25976
25985
25987
25994
25997
25998
26001
26003
26006
26008
26014
26016
26019
26022
26023
26025
26026
26031
26033
26035
26038
26039
26041
26043
26048
26052
26056
26058
26061
26065
26066
26070
26077
26081
26082
26093
26095
26096
26102
26103
26106
26107
26108
26114
26115
26119
26120
26122
26124
26127
26128
26129
26132
26139
26145
26156
26158
26161
26171
26174
26185
26187
26189
26190
26191
26197
26198
26205
26207
26210
26213
26217
26219
26223
26227
26230
26233
26235
26236
26239
26242
26244
26246
26249
26253
26268
26270
26271
26272
26275
26283
26296
26297
26305
26309
26315
26318
26326
26330
26333
26338
26340
26345
26346
26360
26361
26368
26373
26375
26382
26383
26387
26392
26397
26398
26401
26404
26405
26406
26408
26409
26410
26413
26415
26417
26418
26421
26426
26427
26436
26438
26446
26448
26454
26455
26460
26461
26462
26468
26470
26472
26474
26478
26480
26486
26495
26503
26506
26516
26518
26520
26524
26532
26534
26538
26540
26550
26553
26555
26568
26574
26576
26578
26585
26586
26588
26590
26597
26599
26600
26601
26603
26605
26608
26610
26611
26612
26614
26616
26617
26619
26620
26622
26623
26631
26634
26647
26649
26653
26657
26658
26659
26663
26665
26668
26669
26672
26675
26690
26692
26698
26700
26703
26705
26706
26709
26717
26718
26722
26724
26735
26736
26737
26746
26748
26750
26755
26757
26758
26774
26776
26779
26782
26784
26785
26786
26787
26790
26792
26794
26795
26796
26798
26810
26814
26815
26817
26818
26819
26827
26828
26832
26838
26840
26841
26846
26850
26861
26862
26863
26865
26876
26881
26884
26885
26902
26903
26911
26914
26920
26922
26923
26928
26931
26934
26936
26938
26941
26942
26945
26952
26955
26958
26968
26976
26979
26982
26983
26989
26993
26999
27001
27007
27014
27017
27021
27023
27024
27025
27028
27030
27033
27034
27036
27037
27039
27041
27047
27050
27051
27052
27053
27056
27066
27081
27083
27085
27087
27091
27092
27093
27094
27102
27105
27106
27108
27109
27113
27114
27121
27122
27128
27133
27134
27143
27145
27149
27155
27156
27158
27159
27160
27165
27167
27169
27172
27173
27175
27177
27181
27187
27201
27202
27205
27208
27209
27211
27220
27221
27225
27230
27231
27232
27236
27238
27242
27244
27245
27249
27253
27254
27262
27263
27269
27279
27283
27286
27291
27293
27295
27297
27298
27299
27304
27307
27312
27314
27315
27319
27323
27325
27327
27330
27331
27335
27344
27350
27356
27357
27363
27368
27369
27370
27373
27376
27377
27379
27381
27382
27383
27386
27393
27394
27402
27404
27413
27417
27419
27420
27425
27426
27434
27442
27450
27452
27457
27461
27462
27468
27469
27470
27478
27487
27489
27490
27492
27498
27501
27504
27507
27508
27509
27511
27513
27522
27524
27525
27535
27542
27545
27547
27548
27556
27557
27558
27559
27561
27562
27565
27571
27572
27577
27579
27581
27583
27584
27587
27595
27598
27605
27609
27613
27617
27618
27619
27629
27636
27638
27642
27648
27653
27655
27661
27663
27664
27665
27669
27675
27677
27680
27682
27688
27694
27699
27700
27709
27710
27712
27715
27719
27720
27721
27722
27724
27729
27732
27737
27739
27741
27742
27744
27746
27748
27760
27763
27766
27767
27778
27779
27780
27784
27786
27788
27795
27797
27799
27802
27811
27812
27818
27830
27834
27846
27847
27851
27852
27857
27858
27868
27872
27873
27875
27897
27901
27907
27910
27911
27925
27929
27930
27935
27938
27943
27944
27946
27948
27952
27955
27956
27962
27966
27969
27970
27982
27985
27987
27989
27997
28001
28005
28008
28010
28011
28014
28020
28024
28025
28028
28030
28032
28037
28040
28042
28048
28054
28057
28063
28072
28078
28079
28080
28081
28082
28083
28088
28103
28104
28105
28106
28112
28117
28118
28119
28134
28135
28136
28137
28140
28148
28150
28152
28153
28157
28175
28176
28180
28190
28192
28193
28199
28200
28201
28203
28204
28205
28208
28212
28213
28214
28218
28222
28223
28236
28240
28241
28250
28256
28258
28262
28
27
169
176
177
179
180
181
191
207
208
223
224
232
247
248
249
261
321
374
376
379
402
403
407
436
438
441
478
