4203
9
15
18
34
37
38
42
51
56
72
86
94
113
126
132
133
147
158
162
173
195
203
204
220
221
223
247
266
292
293
297
315
319
321
322
333
336
339
347
369
379
386
391
427
438
454
461
477
478
493
516
518
519
520
528
529
534
537
555
557
558
563
575
577
580
588
589
593
599
609
615
622
631
632
638
641
650
673
674
679
689
704
705
706
707
709
728
735
752
764
777
782
783
792
793
795
802
822
840
845
853
855
879
884
897
902
907
910
912
939
962
986
987
990
991
1017
1019
1022
1023
1028
1032
1034
1037
1042
1049
1051
1055
1067
1069
1083
1085
1090
1106
1122
1127
1133
1134
1149
1163
1174
1192
1197
1206
1210
1230
1231
1252
1254
1263
1265
1295
1308
1311
1334
1342
1371
1379
1383
1390
1404
1412
1418
1423
1448
1451
1462
1471
1474
1513
1519
1524
1539
1555
1558
1576
1598
1603
1616
1622
1627
1632
1635
1645
1647
1653
1657
1670
1675
1677
1687
1692
1716
1721
1769
1779
1795
1798
1803
1832
1851
1861
1876
1877
1884
1920
1928
1952
1956
1966
1973
1975
1978
1981
1994
1995
2002
2008
2072
2079
2084
2094
2099
2137
2148
2156
2158
2167
2171
2175
2197
2202
2204
2209
2225
2235
2240
2247
2254
2279
2286
2305
2314
2320
2326
2351
2385
2387
2402
2431
2433
2436
2437
2447
2451
2453
2454
2460
2464
2465
2498
2518
2556
2559
2562
2570
2574
2577
2578
2625
2632
2640
2644
2645
2647
2648
2654
2658
2698
2710
2712
2722
2726
2740
2751
2761
2767
2778
2786
2788
2791
2792
2799
2808
2814
2822
2823
2845
2849
2854
2859
2875
2884
2885
2892
2897
2909
2926
2936
2949
2956
2962
2973
2978
2979
3003
3030
3035
3043
3044
3046
3050
3060
3063
3065
3067
3076
3077
3079
3088
3116
3133
3135
3149
3154
3177
3184
3185
3187
3200
3201
3218
3229
3241
3261
3270
3283
3287
3306
3307
3309
3327
3332
3333
3336
3342
3349
3357
3381
3386
3398
3408
3417
3420
3435
3444
3451
3453
3454
3467
3469
3470
3474
3488
3503
3504
3506
3519
3596
3609
3611
3624
3637
3649
3659
3664
3676
3678
3693
3710
3713
3721
3728
3736
3741
3743
3753
3754
3766
3776
3786
3787
3810
3811
3830
3831
3832
3840
3851
3857
3859
3880
3882
3884
3894
3904
3908
3922
3937
3944
3949
3961
3962
3967
3968
3981
3986
3990
3998
4010
4011
4044
4056
4068
4071
4073
4075
4103
4112
4117
4126
4139
4152
4159
4161
4164
4181
4190
4192
4202
4215
4237
4242
4256
4269
4270
4276
4282
4283
4285
4299
4302
4314
4327
4328
4329
4340
4341
4350
4362
4370
4371
4374
4397
4399
4407
4409
4428
4429
4432
4434
4438
4444
4455
4457
4458
4459
4460
4463
4468
4478
4509
4514
4517
4520
4521
4523
4525
4549
4555
4576
4591
4609
4611
4622
4635
4637
4652
4667
4668
4678
4681
4683
4691
4693
4698
4699
4704
4708
4726
4749
4772
4787
4819
4828
4831
4859
4869
4871
4877
4883
4895
4898
4903
4911
4951
4952
4957
4958
4965
4968
4973
4980
4986
4991
4992
5011
5014
5021
5026
5034
5052
5063
5068
5070
5071
5082
5101
5107
5125
5139
5141
5148
5166
5173
5175
5190
5198
5221
5226
5235
5237
5264
5323
5365
5383
5388
5390
5397
5407
5415
5417
5423
5439
5456
5462
5477
5506
5509
5527
5537
5571
5572
5578
5582
5592
5598
5618
5640
5662
5667
5686
5690
5691
5698
5702
5712
5713
5722
5724
5739
5747
5748
5753
5756
5767
5771
5777
5786
5795
5844
5846
5856
5876
5877
5884
5911
5912
5928
5947
5974
5983
6011
6027
6030
6049
6058
6065
6067
6068
6077
6087
6091
6098
6099
6113
6129
6139
6142
6164
6177
6182
6189
6207
6224
6232
6251
6255
6260
6262
6269
6273
6301
6310
6311
6333
6335
6342
6351
6353
6361
6362
6363
6366
6373
6376
6379
6381
6390
6401
6410
6414
6415
6417
6434
6435
6436
6449
6471
6476
6487
6488
6496
6500
6518
6531
6543
6573
6582
6587
6589
6594
6599
6612
6620
6626
6629
6634
6646
6647
6685
6686
6694
6700
6701
6726
6728
6730
6745
6748
6752
6762
6787
6788
6799
6815
6819
6821
6826
6829
6832
6841
6853
6867
6873
6877
6878
6914
6924
6930
6932
6939
6940
6956
6972
6977
6980
6982
7007
7028
7043
7047
7048
7053
7054
7055
7060
7063
7066
7069
7073
7075
7080
7084
7104
7106
7113
7114
7115
7118
7123
7127
7138
7152
7154
7164
7177
7179
7197
7198
7203
7218
7234
7237
7249
7261
7271
7279
7282
7298
7305
7307
7313
7316
7318
7319
7343
7347
7356
7359
7364
7385
7386
7409
7420
7425
7437
7450
7451
7463
7476
7477
7479
7482
7493
7494
7524
7525
7546
7548
7554
7565
7579
7604
7633
7634
7635
7637
7651
7653
7665
7724
7727
7728
7735
7755
7756
7758
7760
7768
7774
7777
7784
7788
7802
7803
7804
7810
7827
7828
7831
7838
7840
7855
7858
7869
7876
7880
7884
7895
7898
7913
7917
7918
7947
7950
7951
7952
7955
7961
7964
7970
7975
7977
7979
7988
8002
8004
8005
8012
8025
8026
8035
8044
8055
8058
8070
8071
8076
8090
8108
8117
8125
8133
8162
8176
8210
8213
8225
8226
8235
8238
8254
8256
8263
8270
8272
8284
8285
8286
8291
8297
8298
8299
8301
8311
8312
8313
8334
8348
8350
8377
8382
8384
8388
8390
8405
8413
8416
8422
8440
8451
8458
8463
8475
8479
8484
8492
8493
8507
8512
8515
8551
8584
8586
8600
8611
8623
8648
8649
8651
8662
8668
8687
8688
8693
8699
8709
8711
8721
8725
8728
8734
8742
8751
8759
8768
8771
8780
8787
8821
8825
8832
8837
8839
8849
8856
8857
8864
8866
8875
8879
8881
8883
8884
8891
8895
8913
8927
8959
8962
8975
8980
8981
8990
8991
8993
9010
9018
9019
9021
9028
9032
9040
9044
9046
9047
9051
9058
9063
9064
9069
9073
9074
9080
9103
9111
9116
9123
9149
9157
9171
9186
9193
9198
9214
9218
9223
9224
9226
9230
9232
9253
9260
9261
9290
9292
9316
9337
9346
9351
9356
9364
9375
9376
9384
9386
9389
9392
9393
9404
9407
9409
9410
9412
9413
9415
9429
9444
9446
9448
9449
9453
9459
9461
9462
9464
9465
9466
9472
9479
9481
9486
9491
9493
9497
9499
9521
9523
9526
9531
9545
9549
9577
9582
9585
9587
9595
9611
9612
9616
9617
9633
9654
9656
9668
9674
9677
9682
9692
9698
9700
9706
9716
9718
9725
9743
9749
9768
9783
9790
9806
9821
9827
9831
9832
9833
9858
9882
9883
9886
9896
9899
9906
9908
9915
9917
9919
9923
9926
9928
9930
9939
9941
9945
9947
9963
9972
9987
10000
10016
10020
10023
10026
10031
10061
10086
10095
10113
10116
10127
10134
10158
10166
10167
10171
10176
10199
10204
10218
10227
10234
10247
10274
10283
10292
10293
10306
10311
10316
10327
10330
10336
10354
10377
10395
10402
10417
10421
10423
10434
10439
10453
10455
10461
10478
10481
10482
10486
10490
10493
10503
10547
10560
10568
10573
10581
10587
10617
10621
10638
10642
10653
10662
10665
10669
10671
10673
10674
10693
10708
10710
10718
10719
10722
10728
10737
10747
10774
10775
10780
10782
10788
10789
10790
10794
10796
10813
10815
10817
10827
10839
10867
10879
10901
10916
10924
10926
10934
10942
10952
10960
10962
10984
10985
10995
11008
11010
11015
11017
11033
11037
11042
11047
11066
11069
11071
11096
11111
11112
11120
11121
11128
11131
11136
11142
11150
11163
11173
11187
11191
11192
11198
11211
11221
11224
11229
11233
11251
11271
11274
11281
11290
11293
11296
11297
11305
11309
11312
11334
11336
11342
11346
11358
11364
11369
11375
11377
11389
11392
11405
11411
11412
11422
11430
11431
11438
11444
11448
11449
11454
11461
11469
11482
11490
11491
11494
11502
11508
11519
11520
11539
11556
11558
11563
11577
11586
11612
11641
11655
11657
11658
11662
11664
11667
11672
11677
11680
11682
11688
11692
11720
11722
11755
11760
11766
11770
11771
11793
11801
11806
11815
11828
11831
11855
11863
11867
11880
11894
11908
11918
11925
11933
11946
11947
11954
11961
11962
11979
11980
11994
11996
11997
12016
12029
12054
12056
12059
12064
12067
12071
12075
12112
12114
12138
12149
12154
12156
12184
12188
12190
12198
12202
12203
12205
12206
12210
12212
12213
12228
12233
12235
12238
12253
12254
12262
12265
12273
12279
12280
12286
12290
12296
12298
12300
12311
12312
12317
12330
12358
12362
12367
12368
12400
12403
12427
12433
12443
12449
12450
12454
12459
12466
12472
12477
12484
12487
12494
12499
12503
12509
12511
12515
12526
12543
12555
12556
12558
12572
12593
12598
12602
12612
12618
12633
12635
12646
12649
12663
12684
12688
12689
12694
12704
12711
12726
12747
12785
12788
12792
12793
12795
12810
12819
12842
12853
12857
12860
12864
12879
12880
12897
12906
12914
12930
12939
12942
12946
12947
12949
12958
12964
12968
12996
12997
13018
13059
13062
13091
13101
13102
13122
13134
13160
13162
13180
13184
13191
13225
13228
13232
13235
13237
13249
13259
13262
13264
13266
13269
13275
13283
13292
13298
13303
13305
13307
13317
13320
13325
13326
13348
13358
13359
13416
13421
13422
13439
13444
13445
13459
13470
13485
13487
13488
13493
13504
13508
13520
13537
13550
13565
13566
13568
13577
13587
13588
13596
13603
13628
13643
13645
13648
13650
13657
13658
13659
13672
13677
13680
13716
13727
13737
13749
13756
13758
13834
13844
13847
13848
13869
13883
13896
13911
13939
13941
13943
13949
13953
13955
13956
13986
13987
13993
14002
14011
14020
14028
14040
14043
14064
14069
14081
14085
14093
14138
14140
14161
14167
14173
14175
14186
14201
14203
14210
14213
14226
14233
14246
14248
14258
14260
14274
14277
14289
14291
14295
14301
14334
14337
14339
14369
14372
14398
14404
14419
14422
14423
14433
14485
14487
14494
14502
14510
14518
14528
14533
14535
14536
14561
14562
14563
14564
14569
14577
14586
14597
14598
14606
14620
14628
14629
14638
14645
14651
14652
14664
14668
14674
14698
14704
14737
14739
14742
14744
14755
14762
14769
14771
14813
14842
14855
14865
14902
14907
14911
14922
14930
14961
14968
14971
14973
14975
14979
14983
14998
15011
15025
15029
15034
15041
15044
15050
15051
15059
15069
15073
15100
15103
15122
15126
15133
15145
15152
15153
15156
15157
15171
15184
15192
15194
15208
15212
15214
15229
15254
15256
15261
15264
15268
15269
15284
15309
15322
15326
15327
15336
15351
15374
15391
15401
15403
15420
15424
15426
15431
15451
15452
15454
15458
15459
15467
15469
15482
15513
15519
15539
15541
15547
15564
15574
15576
15585
15589
15600
15601
15607
15635
15648
15667
15673
15677
15679
15697
15707
15718
15724
15725
15726
15727
15734
15738
15740
15744
15746
15755
15823
15831
15835
15845
15848
15850
15857
15860
15865
15881
15887
15894
15908
15918
15923
15952
15963
15967
15970
15976
15990
15992
15995
16028
16030
16032
16033
16039
16044
16052
16069
16070
16082
16101
16116
16134
16135
16139
16152
16159
16164
16197
16220
16235
16248
16265
16286
16292
16303
16310
16316
16325
16331
16345
16346
16383
16387
16391
16403
16416
16439
16441
16445
16467
16469
16476
16478
16485
16486
16500
16533
16538
16560
16574
16579
16582
16595
16598
16608
16609
16612
16615
16616
16635
16639
16653
16682
16685
16726
16749
16761
16765
16769
16807
16818
16824
16837
16883
16887
16892
16896
16900
16912
16913
16914
16916
16934
16936
16940
16941
16975
16990
16992
16997
17005
17023
17032
17040
17049
17068
17071
17082
17103
17106
17111
17114
17121
17133
17140
17162
17164
17181
17190
17194
17196
17197
17204
17207
17211
17218
17222
17224
17225
17232
17250
17266
17267
17271
17272
17277
17294
17299
17300
17304
17310
17324
17332
17333
17347
17364
17368
17388
17396
17408
17419
17437
17446
17447
17453
17478
17479
17481
17504
17511
17515
17521
17522
17533
17584
17598
17601
17602
17603
17605
17624
17631
17638
17646
17652
17675
17689
17691
17692
17696
17697
17699
17715
17717
17719
17736
17738
17749
17762
17768
17769
17772
17781
17787
17788
17789
17796
17801
17819
17835
17839
17841
17860
17879
17890
17902
17937
17945
17950
17953
17971
17979
17980
17992
17998
18014
18016
18017
18045
18053
18059
18067
18072
18083
18084
18089
18092
18118
18129
18151
18160
18164
18173
18174
18178
18182
18206
18223
18247
18261
18269
18281
18296
18334
18335
18345
18351
18354
18372
18400
18402
18417
18418
18437
18444
18453
18454
18458
18463
18471
18473
18474
18476
18508
18509
18517
18519
18567
18572
18577
18583
18588
18590
18595
18608
18621
18628
18643
18655
18665
18670
18671
18672
18674
18737
18746
18766
18771
18792
18793
18802
18818
18834
18835
18838
18848
18850
18867
18870
18871
18873
18879
18881
18892
18919
18923
18937
18942
18951
18957
18980
18983
18987
19006
19009
19014
19022
19024
19047
19051
19056
19059
19076
19099
19107
19122
19125
19134
19169
19178
19185
19198
19201
19208
19212
19215
19219
19241
19246
19256
19268
19270
19272
19279
19292
19299
19305
19312
19313
19343
19351
19365
19404
19415
19417
19423
19428
19448
19451
19457
19460
19471
19510
19511
19528
19547
19548
19551
19555
19558
19572
19573
19574
19578
19594
19595
19596
19626
19630
19654
19656
19673
19674
19711
19723
19735
19737
19749
19758
19761
19764
19779
19789
19797
19810
19813
19830
19848
19858
19859
19860
19865
19868
19869
19870
19872
19885
19888
19903
19917
19920
19927
19928
19935
19941
19964
19967
19979
20005
20015
20035
20042
20043
20044
20049
20051
20053
20064
20073
20083
20086
20100
20104
20111
20117
20132
20138
20142
20150
20153
20191
20193
20212
20230
20234
20247
20287
20309
20315
20324
20326
20332
20342
20349
20351
20368
20375
20381
20386
20388
20406
20413
20418
20459
20463
20485
20529
20539
20559
20574
20584
20586
20591
20618
20642
20644
20655
20664
20669
20672
20673
20679
20686
20708
20711
20718
20762
20771
20774
20781
20787
20798
20799
20805
20814
20817
20839
20841
20842
20859
20863
20865
20872
20878
20890
20894
20904
20908
20927
20928
20929
20934
20946
20954
20958
20963
20964
20975
20981
20982
20994
21008
21027
21030
21061
21083
21095
21102
21104
21107
21118
21119
21135
21142
21145
21156
21158
21168
21175
21180
21184
21188
21202
21206
21208
21237
21243
21247
21255
21260
21268
21295
21306
21331
21337
21352
21370
21381
21390
21391
21406
21411
21414
21429
21443
21448
21457
21460
21470
21479
21483
21485
21498
21522
21529
21535
21548
21561
21564
21583
21598
21599
21624
21626
21636
21649
21662
21664
21678
21683
21688
21705
21720
21722
21724
21754
21758
21771
21804
21809
21820
21822
21844
21853
21854
21860
21866
21869
21872
21884
21893
21906
21960
21967
21973
21980
22009
22017
22024
22032
22036
22042
22045
22047
22053
22060
22061
22074
22076
22095
22103
22109
22112
22124
22129
22136
22144
22149
22157
22164
22167
22168
22170
22198
22201
22206
22208
22222
22237
22244
22249
22257
22273
22282
22295
22309
22331
22333
22350
22356
22357
22358
22362
22364
22367
22375
22379
22384
22386
22391
22392
22396
22407
22415
22419
22439
22445
22460
22472
22478
22483
22498
22521
22524
22549
22554
22578
22591
22598
22613
22646
22660
22673
22685
22692
22700
22701
22723
22731
22736
22746
22750
22756
22770
22771
22774
22780
22792
22799
22818
22821
22824
22831
22854
22859
22873
22887
22893
22894
22900
22912
22919
22928
22936
22943
22944
22953
22955
22969
22974
22975
22979
22988
23023
23035
23043
23057
23070
23079
23094
23099
23125
23130
23149
23156
23169
23172
23195
23197
23200
23209
23236
23250
23277
23287
23291
23293
23309
23316
23321
23330
23331
23334
23335
23343
23347
23353
23358
23361
23370
23374
23378
23379
23392
23416
23422
23432
23437
23441
23471
23485
23502
23510
23518
23522
23528
23545
23548
23549
23584
23587
23589
23594
23618
23627
23642
23643
23655
23657
23661
23664
23667
23670
23694
23734
23743
23769
23774
23775
23792
23793
23810
23815
23850
23865
23866
23876
23883
23887
23891
23895
23900
23909
23918
23929
23964
23966
23977
23979
23988
23997
24004
24018
24019
24041
24046
24059
24069
24078
24087
24097
24098
24115
24127
24131
24133
24154
24167
24180
24181
24195
24208
24211
24220
24222
24223
24237
24239
24241
24246
24252
24258
24267
24271
24272
24274
24285
24294
24306
24308
24309
24311
24314
24326
24344
24364
24367
24370
24384
24388
24400
24406
24414
24424
24444
24456
24480
24482
24507
24509
24516
24526
24529
24530
24539
24568
24572
24573
24579
24580
24584
24606
24612
24645
24647
24649
24651
24654
24660
24662
24674
24676
24679
24694
24707
24730
24733
24751
24754
24763
24767
24777
24779
24787
24796
24816
24832
24836
24845
24858
24877
24892
24903
24906
24910
24930
24936
24937
24941
24966
24972
25000
25012
25016
25027
25042
25043
25050
25059
25064
25080
25083
25106
25128
25130
25135
25156
25159
25166
25180
25182
25193
25195
25196
25209
25218
25221
25228
25257
25260
25270
25275
25276
25283
25294
25302
25313
25340
25345
25350
25359
25364
25365
25379
25381
25390
25393
25395
25400
25420
25442
25451
25454
25458
25459
25461
25465
25477
25478
25481
25489
25498
25524
25527
25539
25551
25557
25564
25567
25583
25625
25640
25646
25648
25665
25672
25673
25685
25706
25710
25716
25718
25727
25734
25736
25745
25749
25755
25779
25809
25816
25818
25819
25827
25845
25862
25865
25872
25874
25876
25878
25890
25897
25906
25918
25920
25927
25928
25937
25946
25986
26014
26023
26027
26031
26046
26066
26067
26071
26084
26108
26110
26120
26122
26125
26174
26179
26207
26219
26220
26227
26249
26266
26271
26280
26292
26297
26298
26300
26303
26315
26316
26335
26344
26355
26360
26361
26375
26394
26410
26415
26416
26423
26430
26431
26433
26435
26437
26448
26452
26465
26467
26478
26485
26513
26517
26518
26525
26529
26557
26563
26582
26585
26600
26612
26613
26618
26619
26629
26634
26663
26664
26673
26690
26700
26705
26720
26722
26727
26729
26743
26762
26780
26786
26800
26801
26806
26811
26812
26816
26821
26822
26824
26841
26887
26899
26900
26903
26906
26939
26943
26949
26952
26972
26974
26979
26983
27001
27010
27022
27023
27032
27033
27035
27045
27049
27055
27064
27066
27079
27092
27094
27099
27109
27114
27139
27145
27150
27151
27163
27177
27187
27215
27219
27240
27254
27261
27266
27281
27282
27290
27293
27299
27300
27302
27303
27306
27323
27325
27332
27333
27334
27358
27362
27368
27369
27384
27405
27409
27411
27419
27422
27431
27438
27470
27474
27490
27507
27519
27520
27524
27529
27539
27544
27556
27560
27564
27577
27587
27599
27606
27608
27614
27622
27627
27632
27634
27640
27642
27656
27665
27668
27683
27700
27710
27723
27724
27747
27748
27753
27778
27780
27781
27786
27789
27790
27793
27816
27827
27835
27853
27854
27859
27864
27870
27885
27890
27891
27897
27910
27912
27914
27915
27919
27927
27929
27936
27941
27946
27957
27958
27962
27969
27978
27985
27987
28004
28011
28031
28050
28064
28071
28086
28091
28117
28136
28138
28144
28150
28160
28168
28181
28182
28190
28193
28195
28215
28246
28249
28264
28271
28288
28306
28319
28320
28329
28330
28362
28368
28374
28379
28384
28386
28389
28393
28394
28396
28401
28413
28418
28424
28426
28434
28437
28441
28444
28447
28466
28470
28474
28482
28506
28525
28531
28532
28535
28544
28550
28555
28574
28576
28602
28607
28610
28613
28617
28625
28631
28634
28652
28659
28663
28665
28673
28687
28713
28718
28720
28722
28726
28734
28759
28773
28774
28780
28796
28798
28812
28822
28832
28834
28837
28857
28861
28876
28877
28882
28899
28900
28902
28903
28907
28911
28942
28958
28963
28966
28971
28978
28983
28995
28997
29014
29022
29033
29044
29058
29065
29077
29085
29109
29125
29133
29146
29151
29152
29171
29174
29175
29185
29201
29205
29211
29213
29217
29220
29228
29245
29246
29259
29262
29263
29272
29275
29287
29290
29292
29306
29320
29354
29356
29357
29374
29375
29378
29386
29411
29416
29421
29430
29433
29439
29443
29494
29513
29531
29540
29543
29550
29552
29578
29583
29590
29601
29603
29612
29623
29629
29632
29635
29665
29669
29676
29677
29680
29683
29686
29694
29696
29702
29716
29741
29742
29745
29752
29770
29771
29774
29778
29798
29803
29805
29811
29823
29826
29836
29861
29867
29875
29881
29900
29903
29914
29920
29953
29955
29956
29963
29971
29974
29991
30008
30017
30020
30035
30053
30056
30058
30067
30075
30078
30081
30085
30090
30112
30136
30139
30147
30154
30159
30169
30173
30179
30209
30218
30224
30246
30257
30265
30274
30303
30304
30306
30318
30322
30334
30343
30365
30368
30370
30381
30390
30391
30392
30403
30408
30424
30425
30432
30438
30441
30468
30478
30484
30490
30493
30507
30521
30530
30539
30549
30550
30568
30611
30617
30626
30635
30661
30663
30671
30673
30705
30709
30717
30719
30722
30730
30736
30738
30739
30752
30755
30792
30799
30812
30834
30845
30850
30876
30879
30907
30913
30916
30917
30920
30930
30932
30934
30936
30939
30940
30942
30944
30959
30963
30975
30980
30983
30989
31002
31027
31035
31058
31065
31073
31077
31087
31088
31100
31119
31140
31142
31151
31178
31186
31188
31192
31195
31207
31208
31216
31219
31228
31234
31237
31241
31259
31261
31283
31284
31294
31295
31301
31322
31330
31335
31336
31338
31340
31342
31354
31362
31366
31373
31376
31415
31422
31446
31452
31453
31459
31461
31469
31479
31485
31487
31489
31500
31522
31531
31537
31547
31550
31562
31577
31578
31582
31585
31618
31634
31637
31640
31644
31659
31662
31669
31674
31692
31716
31730
31734
31738
31739
31749
31752
31756
31763
31766
31773
31775
31781
31782
31819
31831
31834
31852
31865
31880
31897
31914
31924
31934
31939
31942
31943
31954
31990
31992
32013
32032
32035
32052
32058
32063
32069
32078
32105
32108
32118
32138
32139
32142
32155
32164
32177
32185
32190
32203
32205
32209
32219
32223
32241
32248
32283
32289
32309
32313
32316
32334
32335
32348
32349
32354
32363
32364
32373
32374
32382
32393
32399
32411
32423
32428
32433
32452
32474
32490
32492
32503
32509
32510
32511
32523
32540
32541
32567
32586
32588
32601
32612
32614
32626
32640
32648
32661
32666
32676
32677
32695
32699
32719
32724
32725
32728
32738
32742
32747
32749
32762
32769
32770
32775
32783
32784
32789
32803
32808
32818
32822
32831
32833
32838
32846
32852
32859
32863
32870
32871
32874
32883
32894
32897
32898
32899
32917
32929
32939
32961
33000
33019
33022
33042
33044
33058
33084
33088
33090
33101
33115
33119
33129
33181
33186
33195
33196
33201
33203
33206
33219
33228
33231
33232
33237
33241
33245
33247
33257
33258
33260
33263
33285
33295
33297
33301
33303
33317
33340
33355
33363
33364
33376
33380
33384
33391
33404
33411
33414
33420
33421
33426
33433
33444
33448
33449
33504
33513
33514
33520
33523
33532
33560
33563
33574
33576
33577
33588
33607
33637
33647
33657
33662
33668
33711
33716
33723
33738
33742
33753
33772
33774
33781
33804
33828
33837
33845
33879
33881
33886
33888
33895
33901
33908
33911
33913
33921
33937
33940
33947
33950
33954
33972
33974
33975
33985
33989
34001
34002
34012
34018
34023
34033
34037
34050
34061
34067
34086
34087
34093
34097
34099
34102
34116
34130
34131
34137
34142
34154
34166
34177
34184
34198
34200
34205
34215
34216
34228
34245
34246
34266
34274
34281
34287
34309
34322
34333
34342
34343
34371
34374
34382
34404
34407
34409
34418
34427
34435
34446
34469
34478
34498
34510
34516
34530
34536
34544
34552
34558
34564
34582
34586
34593
34600
34620
34630
34661
34662
34668
34678
34689
34699
34703
34714
34723
34726
34731
34756
34761
34764
34768
34781
34787
34805
34806
34808
34814
34826
34830
34849
34850
34855
34858
34890
34901
34914
34928
34929
34941
34954
34957
34961
34974
34992
35002
35007
35011
35016
35020
35022
35034
35035
35048
35062
35068
35071
35095
35098
35108
35118
35125
35131
35144
35150
35151
35155
35157
35159
35168
35182
35192
35197
35198
35207
35209
35216
35219
35220
35226
35236
35250
35253
35273
35274
35300
35310
35313
35316
35321
35328
35331
35337
35339
35348
35368
35375
35403
35407
35414
35421
35432
35435
35443
35446
35477
35492
35494
35500
35502
35513
35522
35525
35530
35536
35569
35578
35579
35583
35584
35604
35607
35611
35620
35628
35638
35688
35697
35699
35708
35713
35716
35720
35723
35738
35750
35759
35765
35807
35808
35822
35824
35829
35831
35833
35850
35858
35876
35889
35932
35951
35952
35969
35980
35984
35987
35995
35998
36000
36002
36005
36021
36023
36024
36032
36039
36041
36042
36045
36046
36081
36083
36088
36113
36116
36123
36127
36146
36150
36160
36173
36188
36189
36194
36198
36200
36228
36233
36251
36256
36280
36298
36300
36316
36339
36344
36347
36373
36379
36382
36385
36428
36437
36445
36463
36469
36472
36475
36476
36488
36499
36509
36514
36523
36525
36531
36535
36536
36541
36547
36553
36555
36583
36600
36609
36613
36615
36616
36617
36642
36647
36662
36664
36666
36668
36684
36691
36694
36701
36706
36715
36729
36739
36753
36763
36768
36799
36806
36809
36811
36812
36813
36818
36820
36832
36833
36837
36867
36869
36872
36885
36896
36912
36915
36954
36961
36963
37031
37057
37059
37083
37092
37106
37111
37114
37143
37144
37155
37161
37162
37167
37168
37171
37173
37178
37181
37182
37206
37209
37213
37272
37317
37320
37338
37346
37352
37354
37368
37386
37394
37402
37408
37414
37425
37427
37433
37459
37463
37467
37472
37482
37492
37519
37523
37524
37533
37555
37573
37584
37594
37597
37609
37610
37627
37633
37641
37650
37685
37686
37688
37699
37721
37742
37752
37754
37758
37761
37762
37770
37784
37795
37796
37798
37800
37802
37803
37805
37807
37812
37819
37825
37842
37846
37855
37872
37883
37886
37892
37906
37907
37920
37926
37929
37945
37946
37948
37965
37967
37968
37969
37981
37983
37984
37995
38003
38006
38010
38018
38019
38023
38030
38042
38048
38082
38087
38094
38107
38116
38126
38128
38152
38161
38162
38164
38185
38188
38200
6
1
13
139
302
383
469
