8663
2
5
13
14
18
20
22
25
38
40
41
43
44
49
54
62
71
83
90
96
98
99
108
112
121
126
127
129
141
145
147
160
164
169
170
171
173
178
179
198
200
202
205
207
214
215
218
221
225
226
238
243
254
261
263
269
278
282
283
286
294
297
298
300
303
305
306
308
312
318
322
324
327
329
350
351
354
356
362
369
370
371
379
384
385
391
412
419
421
422
423
426
427
429
430
436
440
446
458
461
462
468
482
485
486
511
514
517
520
521
541
542
543
546
556
560
563
564
568
577
592
597
599
602
604
622
629
631
634
641
646
648
651
662
664
666
679
689
692
698
699
702
703
708
713
718
726
727
731
732
735
737
742
753
763
769
772
774
775
779
781
782
786
792
817
823
831
836
840
850
855
867
878
880
882
885
892
898
900
903
913
914
916
924
931
944
945
961
977
979
985
989
992
997
1000
1007
1011
1020
1023
1031
1037
1047
1053
1057
1061
1079
1085
1088
1091
1100
1102
1103
1108
1110
1116
1121
1122
1123
1128
1134
1145
1148
1152
1154
1161
1166
1167
1169
1171
1190
1194
1198
1200
1203
1207
1209
1215
1223
1227
1229
1243
1249
1253
1259
1262
1264
1265
1277
1278
1288
1310
1311
1314
1315
1318
1326
1331
1332
1333
1343
1350
1360
1364
1367
1374
1375
1376
1379
1383
1393
1398
1400
1405
1408
1412
1421
1427
1440
1444
1451
1455
1459
1462
1474
1481
1483
1492
1499
1502
1508
1512
1516
1520
1523
1524
1526
1537
1552
1553
1567
1568
1572
1575
1586
1590
1591
1600
1604
1607
1608
1609
1612
1614
1617
1618
1622
1625
1628
1633
1636
1638
1643
1660
1662
1686
1687
1690
1691
1693
1705
1712
1713
1715
1717
1727
1734
1736
1737
1745
1758
1766
1769
1775
1776
1780
1787
1788
1792
1799
1801
1810
1812
1816
1829
1830
1831
1837
1838
1841
1842
1851
1859
1861
1862
1863
1868
1874
1883
1886
1890
1899
1916
1919
1931
1939
1945
1946
1950
1953
1960
1969
1972
1976
1977
1979
1983
1994
1996
2003
2019
2027
2031
2033
2039
2040
2042
2044
2048
2049
2051
2061
2068
2071
2072
2073
2075
2077
2091
2093
2095
2096
2098
2100
2105
2109
2110
2126
2136
2147
2157
2163
2170
2172
2175
2176
2183
2184
2189
2191
2192
2194
2195
2209
2216
2235
2241
2242
2245
2249
2265
2271
2276
2287
2292
2295
2296
2299
2301
2312
2321
2323
2330
2334
2341
2361
2365
2367
2369
2378
2382
2395
2402
2403
2408
2412
2415
2420
2422
2432
2443
2447
2461
2463
2466
2469
2475
2476
2478
2496
2499
2502
2517
2518
2520
2522
2527
2529
2542
2544
2551
2561
2573
2578
2587
2594
2600
2602
2618
2621
2625
2629
2630
2631
2637
2639
2645
2649
2651
2663
2671
2678
2680
2685
2686
2689
2692
2703
2708
2710
2711
2716
2723
2739
2740
2742
2743
2750
2752
2754
2757
2758
2764
2777
2780
2791
2797
2802
2807
2811
2813
2814
2818
2819
2822
2825
2828
2831
2835
2836
2850
2855
2862
2864
2880
2886
2888
2895
2898
2906
2911
2919
2933
2938
2945
2954
2956
2961
2963
2966
2973
2978
2979
2986
2992
2997
2999
3006
3007
3011
3017
3018
3019
3021
3025
3030
3032
3042
3048
3061
3064
3065
3067
3089
3094
3097
3098
3099
3104
3107
3109
3110
3127
3135
3138
3148
3152
3161
3170
3180
3184
3189
3193
3194
3195
3212
3216
3218
3223
3228
3236
3240
3244
3252
3258
3265
3269
3273
3275
3276
3277
3281
3296
3302
3308
3310
3311
3319
3325
3327
3328
3329
3330
3333
3340
3343
3345
3350
3351
3372
3373
3379
3391
3403
3407
3419
3432
3451
3462
3466
3471
3476
3486
3487
3493
3494
3495
3496
3500
3505
3508
3509
3510
3513
3515
3516
3526
3537
3547
3552
3555
3556
3557
3572
3573
3579
3580
3581
3582
3586
3596
3600
3610
3617
3619
3620
3625
3630
3639
3640
3647
3665
3666
3673
3675
3686
3691
3697
3702
3706
3710
3715
3719
3735
3737
3739
3771
3778
3789
3790
3798
3823
3833
3835
3838
3840
3843
3844
3848
3860
3863
3864
3869
3875
3877
3896
3900
3904
3911
3913
3915
3930
3944
3949
3951
3953
3954
3957
3961
3978
3979
3980
3982
3984
3988
3998
4004
4005
4008
4013
4019
4029
4031
4032
4042
4047
4052
4056
4064
4065
4070
4072
4073
4079
4080
4081
4083
4085
4094
4104
4107
4139
4141
4144
4146
4164
4175
4177
4181
4186
4195
4196
4200
4207
4211
4216
4241
4246
4272
4276
4279
4283
4285
4291
4293
4315
4319
4336
4340
4345
4351
4358
4362
4364
4372
4377
4378
4386
4388
4396
4409
4411
4415
4418
4421
4429
4434
4436
4439
4441
4442
4445
4448
4450
4451
4454
4459
4465
4471
4473
4475
4476
4477
4494
4502
4505
4507
4515
4519
4537
4542
4544
4547
4562
4565
4568
4575
4579
4580
4591
4594
4596
4597
4612
4614
4615
4618
4621
4633
4641
4648
4653
4661
4665
4670
4672
4675
4681
4683
4685
4688
4699
4702
4707
4708
4714
4717
4719
4720
4724
4729
4735
4736
4737
4752
4756
4762
4766
4776
4777
4783
4785
4798
4811
4813
4817
4818
4828
4829
4831
4832
4844
4847
4848
4861
4872
4877
4879
4886
4890
4891
4897
4901
4906
4908
4934
4944
4953
4961
4963
4970
4971
4976
4981
4982
4989
4996
5001
5002
5025
5028
5030
5036
5039
5043
5045
5058
5060
5064
5067
5072
5079
5086
5087
5095
5096
5106
5111
5122
5132
5133
5136
5138
5139
5140
5147
5157
5169
5187
5189
5190
5205
5206
5208
5228
5232
5264
5268
5271
5279
5288
5289
5294
5303
5305
5314
5339
5341
5346
5356
5373
5377
5380
5385
5388
5389
5391
5394
5407
5414
5415
5420
5421
5423
5433
5438
5439
5442
5445
5450
5451
5459
5460
5463
5464
5469
5473
5477
5483
5484
5485
5486
5490
5496
5497
5502
5505
5509
5515
5516
5517
5530
5538
5543
5550
5552
5554
5556
5557
5560
5568
5569
5576
5584
5586
5594
5604
5605
5611
5615
5622
5626
5633
5640
5647
5651
5657
5664
5665
5668
5670
5676
5683
5689
5694
5697
5699
5717
5724
5728
5742
5748
5751
5757
5760
5769
5774
5776
5777
5780
5782
5798
5801
5803
5805
5811
5812
5813
5816
5820
5831
5841
5842
5859
5865
5873
5874
5881
5899
5910
5915
5925
5934
5935
5943
5945
5946
5950
5961
5966
5968
5974
5978
5985
5988
6010
6019
6024
6027
6044
6046
6051
6052
6053
6055
6058
6061
6074
6084
6089
6095
6102
6124
6131
6134
6144
6145
6148
6151
6159
6166
6167
6169
6171
6172
6178
6182
6183
6185
6194
6198
6200
6204
6207
6209
6214
6220
6229
6235
6238
6247
6259
6266
6268
6271
6272
6275
6276
6277
6281
6293
6294
6300
6302
6314
6315
6320
6324
6332
6342
6344
6345
6351
6356
6359
6362
6365
6373
6375
6379
6391
6392
6395
6403
6406
6412
6418
6427
6439
6446
6447
6450
6454
6460
6463
6466
6470
6490
6496
6499
6507
6515
6526
6529
6535
6540
6544
6545
6546
6549
6552
6555
6556
6558
6562
6563
6575
6577
6580
6581
6585
6586
6597
6609
6612
6621
6623
6624
6625
6631
6634
6645
6655
6656
6670
6672
6679
6684
6685
6696
6709
6711
6726
6728
6732
6734
6752
6753
6764
6768
6781
6784
6786
6787
6788
6790
6791
6796
6799
6801
6805
6806
6807
6808
6809
6810
6812
6818
6821
6829
6830
6832
6833
6839
6845
6853
6859
6861
6864
6875
6877
6890
6891
6892
6900
6905
6908
6918
6920
6935
6948
6949
6954
6963
6969
6980
6981
6982
6985
6990
6993
6997
7019
7024
7025
7026
7030
7035
7040
7041
7043
7068
7070
7071
7077
7079
7080
7088
7097
7098
7112
7122
7126
7128
7137
7139
7147
7161
7165
7169
7170
7172
7175
7184
7185
7199
7200
7201
7202
7205
7226
7230
7241
7244
7248
7251
7281
7287
7290
7291
7295
7296
7300
7311
7318
7320
7331
7335
7343
7353
7355
7365
7369
7370
7383
7392
7395
7397
7405
7412
7421
7425
7426
7428
7432
7436
7440
7469
7475
7478
7488
7489
7491
7492
7494
7497
7518
7523
7530
7532
7546
7550
7553
7568
7569
7572
7573
7582
7598
7600
7603
7609
7610
7614
7616
7623
7628
7637
7642
7645
7659
7661
7665
7673
7676
7681
7685
7687
7690
7696
7697
7699
7704
7706
7708
7716
7718
7723
7724
7726
7744
7748
7750
7760
7764
7770
7773
7777
7782
7787
7788
7795
7806
7822
7823
7830
7834
7836
7839
7841
7846
7850
7852
7858
7865
7872
7878
7891
7897
7898
7908
7914
7922
7926
7929
7931
7941
7944
7945
7948
7962
7965
7969
7974
7978
7987
7995
8001
8013
8017
8026
8034
8036
8038
8039
8048
8049
8070
8076
8078
8079
8084
8087
8091
8101
8103
8113
8116
8121
8122
8123
8125
8126
8137
8138
8143
8146
8150
8158
8162
8163
8165
8172
8182
8185
8187
8192
8194
8200
8206
8212
8216
8226
8227
8230
8232
8233
8234
8240
8248
8252
8258
8260
8266
8267
8269
8273
8276
8282
8285
8295
8298
8307
8312
8315
8320
8330
8335
8342
8343
8349
8353
8356
8357
8360
8367
8372
8381
8383
8385
8388
8392
8394
8398
8402
8403
8410
8417
8423
8425
8443
8447
8449
8450
8451
8457
8463
8468
8471
8473
8478
8485
8486
8488
8490
8497
8510
8515
8516
8526
8545
8546
8556
8567
8568
8581
8585
8587
8588
8592
8596
8600
8605
8606
8609
8637
8638
8640
8648
8651
8658
8660
8663
8668
8677
8679
8688
8691
8696
8698
8702
8703
8704
8707
8720
8728
8734
8738
8741
8758
8759
8766
8775
8777
8782
8786
8788
8791
8800
8801
8802
8810
8814
8815
8839
8845
8848
8857
8858
8860
8883
8891
8902
8913
8923
8936
8939
8955
8959
8962
8963
8967
8992
8999
9002
9006
9007
9017
9020
9022
9027
9028
9030
9032
9036
9048
9052
9053
9055
9068
9069
9074
9089
9091
9092
9093
9094
9096
9101
9102
9109
9114
9118
9130
9132
9136
9143
9146
9149
9156
9158
9161
9177
9178
9189
9191
9192
9196
9216
9219
9231
9234
9236
9237
9246
9250
9253
9268
9291
9292
9296
9297
9298
9299
9308
9321
9323
9331
9332
9348
9349
9353
9356
9357
9367
9373
9389
9390
9400
9408
9413
9416
9420
9421
9424
9446
9455
9471
9487
9496
9502
9503
9508
9512
9514
9516
9522
9526
9527
9528
9530
9538
9539
9541
9544
9547
9569
9572
9575
9578
9579
9588
9594
9600
9610
9615
9618
9620
9638
9643
9667
9671
9684
9691
9693
9710
9711
9723
9726
9728
9731
9743
9751
9759
9774
9775
9778
9781
9791
9796
9806
9812
9824
9844
9846
9847
9849
9851
9856
9858
9868
9873
9876
9877
9878
9879
9883
9890
9894
9917
9923
9927
9936
9938
9944
9947
9950
9958
9961
9962
9966
9967
9969
9988
9989
9994
10000
10013
10018
10023
10024
10026
10028
10038
10039
10040
10042
10055
10064
10073
10077
10080
10082
10083
10085
10088
10095
10096
10100
10108
10118
10120
10121
10126
10134
10135
10138
10140
10156
10158
10161
10164
10169
10175
10179
10185
10192
10194
10196
10202
10213
10217
10221
10225
10233
10236
10246
10254
10255
10267
10270
10274
10275
10276
10277
10288
10290
10301
10303
10305
10307
10309
10318
10322
10323
10335
10340
10341
10344
10347
10348
10350
10356
10376
10378
10381
10383
10384
10386
10399
10404
10405
10416
10426
10434
10435
10436
10440
10441
10442
10445
10446
10456
10466
10469
10475
10482
10497
10501
10516
10518
10522
10526
10542
10543
10544
10547
10556
10571
10572
10575
10576
10583
10595
10597
10601
10616
10617
10618
10622
10629
10640
10642
10644
10648
10658
10661
10666
10671
10672
10677
10679
10691
10694
10695
10699
10711
10721
10732
10733
10736
10748
10768
10779
10791
10802
10803
10809
10811
10816
10820
10826
10827
10837
10845
10846
10849
10866
10867
10869
10874
10898
10905
10908
10912
10915
10925
10926
10927
10931
10936
10942
10945
10952
10953
10960
10961
10963
10964
10976
10978
10979
10988
10991
10995
10997
11001
11004
11006
11016
11017
11022
11024
11025
11026
11027
11028
11031
11040
11046
11047
11048
11050
11054
11058
11063
11066
11074
11076
11080
11081
11087
11091
11092
11093
11095
11099
11101
11103
11106
11110
11116
11117
11122
11124
11133
11138
11147
11151
11161
11162
11174
11194
11198
11206
11207
11249
11252
11254
11256
11258
11277
11281
11282
11288
11291
11301
11322
11324
11326
11330
11332
11340
11346
11347
11353
11361
11366
11369
11391
11392
11395
11397
11399
11404
11405
11408
11419
11429
11451
11478
11485
11487
11503
11506
11509
11520
11524
11525
11527
11533
11536
11540
11542
11544
11550
11552
11557
11561
11564
11573
11574
11584
11585
11589
11596
11598
11610
11615
11618
11627
11629
11633
11640
11641
11644
11652
11653
11656
11659
11664
11672
11676
11683
11687
11688
11691
11697
11707
11726
11728
11733
11736
11738
11739
11741
11744
11745
11749
11752
11755
11761
11763
11764
11769
11770
11771
11772
11773
11775
11778
11780
11781
11792
11796
11807
11809
11812
11816
11817
11834
11839
11841
11844
11853
11856
11861
11873
11875
11889
11891
11894
11902
11907
11916
11921
11923
11940
11941
11945
11954
11955
11960
11962
11963
11965
11971
11973
11990
11999
12000
12006
12014
12017
12023
12024
12027
12028
12030
12035
12037
12041
12042
12059
12064
12080
12090
12091
12103
12116
12121
12123
12131
12148
12149
12152
12157
12159
12161
12162
12172
12174
12178
12179
12190
12195
12200
12205
12212
12214
12234
12247
12251
12255
12258
12264
12266
12277
12279
12300
12308
12310
12313
12323
12324
12327
12328
12343
12346
12350
12351
12352
12354
12355
12361
12363
12366
12374
12379
12380
12383
12403
12409
12412
12417
12418
12422
12424
12425
12430
12431
12432
12436
12438
12445
12449
12466
12469
12470
12477
12481
12482
12484
12504
12507
12511
12515
12522
12524
12531
12548
12553
12554
12555
12561
12565
12566
12569
12570
12588
12600
12602
12603
12606
12609
12610
12620
12622
12625
12628
12632
12643
12645
12653
12661
12664
12665
12688
12691
12694
12703
12708
12723
12724
12746
12749
12757
12759
12760
12762
12764
12768
12781
12785
12787
12795
12798
12800
12810
12815
12816
12831
12836
12843
12851
12855
12856
12859
12869
12870
12879
12880
12888
12893
12899
12907
12908
12916
12920
12923
12924
12927
12928
12929
12936
12939
12941
12949
12953
12954
12962
12967
12968
12969
12977
12979
12981
12984
12988
12989
12992
12999
13002
13003
13004
13005
13010
13014
13015
13019
13033
13036
13045
13047
13051
13056
13069
13070
13072
13073
13074
13076
13081
13094
13097
13103
13109
13113
13120
13121
13130
13134
13140
13141
13154
13156
13168
13178
13185
13188
13190
13196
13203
13204
13207
13214
13222
13229
13233
13235
13239
13250
13256
13261
13264
13265
13275
13279
13280
13288
13289
13295
13296
13299
13304
13322
13324
13331
13336
13337
13347
13351
13364
13365
13371
13375
13377
13384
13385
13391
13392
13398
13401
13403
13404
13416
13428
13432
13436
13437
13439
13442
13443
13451
13455
13460
13461
13463
13467
13470
13482
13485
13500
13506
13510
13512
13513
13514
13515
13518
13522
13524
13525
13534
13536
13538
13541
13542
13544
13562
13574
13587
13593
13594
13595
13602
13609
13620
13624
13636
13637
13642
13652
13654
13655
13659
13662
13663
13666
13673
13674
13676
13687
13697
13708
13717
13721
13733
13744
13748
13749
13758
13761
13770
13771
13772
13776
13783
13784
13787
13791
13795
13802
13806
13825
13832
13838
13854
13857
13858
13875
13876
13879
13880
13881
13883
13890
13900
13903
13904
13907
13908
13909
13925
13938
13939
13940
13942
13943
13944
13946
13947
13962
13965
13969
13970
13974
13975
13976
13990
13997
14006
14009
14015
14020
14021
14027
14037
14042
14045
14052
14057
14059
14063
14072
14081
14082
14094
14095
14107
14108
14120
14125
14127
14133
14135
14136
14151
14163
14170
14178
14184
14185
14187
14189
14191
14196
14197
14200
14203
14204
14205
14208
14210
14216
14225
14228
14241
14242
14244
14246
14253
14256
14265
14270
14273
14274
14280
14284
14286
14293
14294
14295
14301
14309
14315
14318
14319
14323
14329
14333
14339
14342
14345
14350
14357
14358
14365
14368
14370
14374
14376
14383
14385
14389
14404
14407
14412
14418
14432
14433
14434
14447
14448
14450
14451
14453
14464
14468
14472
14479
14482
14488
14490
14501
14508
14511
14513
14519
14529
14531
14533
14534
14538
14542
14545
14548
14549
14564
14572
14583
14588
14596
14598
14600
14602
14608
14609
14617
14622
14627
14651
14654
14655
14656
14657
14668
14675
14676
14678
14683
14694
14703
14706
14709
14713
14718
14720
14734
14740
14743
14744
14746
14749
14753
14763
14770
14774
14779
14780
14782
14784
14785
14791
14799
14807
14809
14810
14811
14814
14821
14822
14829
14830
14831
14836
14837
14868
14880
14885
14888
14898
14901
14913
14914
14921
14925
14932
14944
14946
14960
14963
14968
14974
14975
14978
14979
14981
14983
14990
14995
14998
14999
15003
15009
15011
15019
15021
15022
15023
15029
15033
15046
15054
15056
15059
15095
15099
15106
15107
15109
15117
15123
15128
15130
15136
15143
15149
15150
15153
15154
15155
15156
15157
15158
15160
15178
15179
15204
15213
15215
15216
15218
15222
15226
15241
15242
15249
15253
15259
15262
15266
15268
15270
15273
15276
15278
15281
15285
15289
15291
15294
15302
15306
15307
15312
15313
15320
15335
15340
15345
15349
15357
15372
15373
15396
15397
15400
15403
15405
15415
15424
15430
15431
15436
15438
15444
15447
15449
15450
15454
15468
15470
15472
15474
15478
15483
15486
15489
15490
15499
15506
15511
15519
15520
15528
15534
15544
15556
15562
15564
15567
15579
15589
15603
15614
15621
15625
15627
15629
15638
15642
15648
15653
15657
15658
15659
15666
15670
15674
15679
15681
15684
15686
15690
15693
15696
15709
15721
15727
15729
15730
15731
15734
15744
15747
15749
15751
15775
15782
15794
15795
15798
15801
15802
15803
15804
15805
15808
15814
15821
15822
15826
15830
15831
15842
15848
15856
15860
15862
15867
15871
15876
15890
15891
15897
15908
15921
15926
15931
15943
15946
15947
15948
15949
15951
15972
15974
15981
15984
15985
15988
15989
15995
16003
16006
16016
16017
16021
16023
16025
16027
16039
16042
16045
16046
16051
16053
16054
16062
16064
16077
16086
16092
16094
16098
16099
16100
16103
16109
16115
16123
16124
16127
16136
16141
16143
16145
16154
16159
16165
16169
16170
16173
16179
16189
16191
16199
16201
16204
16212
16219
16225
16234
16237
16238
16243
16246
16248
16250
16259
16264
16279
16283
16284
16285
16288
16291
16303
16304
16315
16321
16323
16325
16337
16338
16340
16341
16354
16360
16361
16366
16375
16380
16384
16386
16394
16405
16409
16418
16421
16423
16434
16437
16440
16447
16452
16453
16467
16471
16476
16477
16478
16479
16491
16493
16494
16500
16502
16503
16514
16515
16516
16522
16524
16527
16533
16534
16544
16548
16568
16575
16582
16586
16598
16599
16617
16622
16631
16636
16637
16638
16639
16640
16646
16647
16650
16652
16653
16661
16668
16669
16670
16676
16678
16680
16681
16684
16685
16690
16695
16706
16708
16710
16711
16717
16721
16728
16737
16740
16741
16747
16749
16755
16759
16771
16780
16781
16788
16797
16808
16820
16822
16826
16827
16834
16836
16839
16848
16852
16867
16874
16879
16883
16888
16889
16901
16910
16912
16916
16929
16930
16931
16932
16933
16939
16942
16946
16956
16960
16962
16973
16976
16977
16986
16987
16990
17000
17007
17014
17023
17025
17028
17029
17033
17037
17039
17043
17046
17049
17052
17059
17062
17069
17070
17076
17082
17087
17099
17104
17107
17114
17117
17124
17130
17132
17135
17138
17142
17146
17154
17159
17162
17165
17173
17175
17185
17188
17194
17205
17210
17217
17227
17228
17241
17242
17247
17251
17252
17257
17263
17277
17286
17294
17295
17296
17297
17302
17305
17307
17312
17323
17326
17333
17339
17343
17344
17346
17348
17353
17355
17358
17360
17362
17363
17368
17374
17377
17381
17389
17390
17391
17392
17395
17396
17399
17400
17408
17415
17422
17438
17441
17448
17453
17457
17466
17469
17472
17486
17504
17508
17512
17518
17530
17533
17534
17541
17548
17553
17567
17568
17569
17574
17581
17584
17586
17589
17590
17598
17610
17614
17617
17620
17628
17630
17632
17635
17638
17667
17668
17678
17696
17703
17706
17707
17717
17718
17720
17722
17723
17727
17731
17733
17750
17767
17770
17774
17776
17783
17788
17790
17791
17792
17794
17796
17799
17806
17809
17830
17840
17843
17846
17847
17848
17852
17854
17861
17863
17874
17878
17879
17892
17896
17899
17903
17906
17907
17910
17926
17944
17956
17958
17959
17966
17967
17968
17977
17982
17995
18007
18011
18012
18016
18022
18030
18032
18036
18037
18041
18042
18046
18050
18055
18058
18061
18064
18065
18073
18081
18082
18086
18091
18092
18096
18100
18101
18102
18115
18121
18123
18124
18125
18127
18128
18131
18132
18137
18151
18154
18165
18181
18182
18183
18184
18204
18205
18213
18214
18220
18230
18232
18244
18253
18255
18262
18268
18271
18272
18273
18277
18280
18290
18295
18300
18301
18303
18306
18310
18317
18320
18331
18352
18355
18359
18360
18362
18364
18366
18369
18371
18372
18375
18378
18379
18380
18387
18389
18401
18406
18412
18415
18426
18452
18455
18459
18461
18476
18479
18504
18507
18522
18544
18547
18553
18577
18580
18581
18587
18598
18605
18606
18616
18618
18621
18626
18628
18634
18640
18647
18653
18655
18661
18666
18667
18668
18670
18674
18677
18682
18683
18686
18693
18694
18696
18698
18701
18705
18709
18714
18715
18722
18729
18732
18734
18735
18739
18745
18749
18751
18754
18756
18761
18766
18767
18770
18775
18779
18780
18782
18784
18794
18797
18798
18802
18814
18816
18818
18825
18827
18829
18833
18836
18847
18851
18858
18865
18872
18874
18875
18882
18883
18887
18888
18889
18890
18894
18903
18908
18913
18916
18918
18932
18937
18960
18988
18993
18995
18998
19013
19019
19023
19026
19040
19043
19044
19045
19047
19054
19055
19061
19062
19072
19079
19082
19088
19110
19111
19118
19119
19122
19126
19127
19134
19145
19156
19159
19160
19167
19181
19182
19188
19194
19199
19203
19206
19208
19215
19223
19230
19232
19242
19245
19246
19254
19265
19277
19279
19282
19289
19293
19296
19299
19301
19305
19306
19314
19316
19327
19339
19351
19362
19368
19369
19375
19376
19382
19387
19391
19392
19396
19401
19405
19408
19411
19413
19420
19425
19428
19429
19436
19440
19443
19448
19449
19450
19465
19474
19475
19481
19484
19491
19493
19503
19505
19515
19516
19519
19522
19525
19529
19533
19536
19540
19543
19545
19551
19554
19559
19572
19579
19583
19585
19588
19590
19594
19600
19603
19606
19616
19621
19625
19633
19656
19662
19664
19669
19670
19673
19674
19680
19686
19692
19693
19694
19699
19700
19712
19728
19733
19736
19737
19746
19759
19764
19776
19779
19780
19781
19785
19798
19807
19808
19815
19818
19838
19840
19847
19853
19869
19871
19872
19875
19877
19885
19888
19889
19895
19896
19899
19900
19901
19903
19907
19923
19933
19938
19941
19943
19944
19946
19947
19954
19955
19957
19965
19970
19971
19981
19993
19999
20019
20026
20031
20034
20044
20047
20049
20059
20063
20064
20065
20069
20079
20091
20103
20111
20116
20118
20122
20127
20128
20130
20131
20136
20139
20146
20155
20156
20166
20168
20176
20182
20189
20190
20191
20194
20197
20198
20201
20205
20210
20219
20229
20230
20238
20248
20250
20259
20261
20274
20282
20288
20292
20300
20302
20303
20317
20318
20319
20321
20331
20336
20338
20339
20341
20342
20348
20360
20361
20370
20397
20400
20412
20414
20415
20426
20433
20435
20445
20462
20466
20471
20480
20500
20507
20509
20510
20511
20528
20538
20539
20540
20541
20549
20558
20567
20571
20579
20601
20602
20608
20619
20622
20627
20633
20641
20645
20650
20658
20670
20684
20687
20699
20705
20709
20717
20719
20721
20724
20729
20734
20738
20741
20742
20757
20758
20762
20765
20766
20770
20774
20779
20788
20792
20793
20797
20802
20807
20810
20811
20812
20814
20818
20827
20837
20840
20842
20843
20846
20862
20871
20877
20896
20897
20900
20902
20907
20908
20910
20915
20925
20928
20934
20935
20940
20943
20944
20947
20957
20967
20975
20986
20998
21003
21007
21009
21015
21030
21033
21042
21045
21046
21051
21063
21071
21075
21080
21082
21087
21094
21112
21125
21131
21134
21135
21155
21158
21161
21162
21163
21165
21166
21167
21174
21178
21179
21180
21182
21183
21185
21190
21206
21215
21232
21237
21238
21241
21242
21253
21256
21259
21264
21271
21278
21283
21285
21288
21289
21296
21300
21304
21306
21307
21309
21312
21321
21322
21329
21330
21333
21340
21348
21349
21350
21351
21353
21364
21367
21373
21374
21378
21381
21383
21396
21398
21400
21407
21412
21419
21426
21429
21434
21446
21449
21451
21462
21465
21469
21476
21477
21478
21480
21487
21495
21501
21509
21524
21532
21537
21540
21544
21550
21557
21562
21567
21579
21582
21590
21592
21597
21599
21600
21603
21604
21610
21611
21613
21620
21624
21636
21638
21642
21655
21674
21678
21679
21685
21686
21690
21703
21704
21707
21708
21709
21711
21719
21720
21735
21741
21742
21761
21770
21771
21772
21774
21776
21778
21787
21789
21790
21793
21796
21797
21804
21805
21814
21815
21819
21821
21823
21829
21833
21836
21837
21841
21849
21851
21854
21861
21866
21867
21869
21874
21880
21892
21893
21895
21901
21907
21908
21917
21919
21921
21924
21927
21930
21937
21943
21945
21949
21950
21951
21961
21969
21976
21978
21980
21982
21985
21986
21988
21990
21991
21994
21995
22000
22001
22002
22003
22004
22008
22010
22012
22013
22014
22018
22026
22029
22030
22035
22036
22039
22043
22045
22053
22057
22060
22061
22062
22063
22077
22083
22087
22088
22098
22099
22106
22116
22121
22128
22129
22138
22147
22151
22153
22166
22169
22170
22172
22180
22185
22195
22196
22205
22211
22214
22215
22221
22222
22225
22226
22228
22232
22233
22234
22238
22239
22240
22246
22248
22252
22264
22280
22283
22302
22305
22317
22323
22324
22327
22328
22329
22332
22335
22340
22350
22354
22358
22367
22375
22392
22393
22398
22400
22404
22411
22413
22428
22436
22442
22443
22445
22447
22452
22468
22477
22481
22484
22488
22491
22495
22498
22501
22504
22508
22526
22531
22534
22535
22536
22543
22546
22549
22551
22561
22564
22566
22567
22568
22574
22577
22578
22579
22587
22592
22597
22602
22603
22604
22605
22616
22617
22618
22622
22628
22629
22632
22635
22643
22652
22657
22659
22660
22661
22670
22678
22687
22691
22694
22697
22699
22709
22711
22716
22720
22732
22735
22740
22744
22747
22748
22759
22783
22792
22797
22798
22807
22810
22814
22817
22818
22826
22827
22832
22842
22845
22847
22863
22870
22871
22874
22875
22884
22887
22888
22892
22894
22896
22908
22914
22917
22918
22924
22933
22936
22939
22940
22948
22949
22955
22956
22964
22966
22968
22974
22981
22990
22998
23005
23007
23020
23022
23027
23029
23032
23033
23036
23046
23048
23049
23055
23065
23066
23069
23075
23079
23080
23084
23094
23102
23109
23110
23111
23118
23125
23134
23139
23141
23148
23162
23164
23167
23176
23177
23180
23183
23189
23196
23197
23206
23216
23218
23220
23223
23225
23227
23230
23233
23236
23242
23250
23256
23260
23264
23274
23289
23306
23333
23342
23344
23349
23350
23357
23368
23376
23383
23384
23400
23405
23407
23408
23409
23410
23412
23417
23427
23428
23433
23437
23443
23448
23453
23459
23460
23463
23464
23474
23475
23476
23480
23483
23484
23497
23499
23509
23516
23518
23525
23527
23538
23542
23544
23552
23558
23569
23570
23573
23578
23588
23601
23606
23614
23622
23635
23641
23646
23654
23656
23661
23662
23664
23665
23669
23675
23679
23695
23702
23706
23710
23711
23718
23722
23726
23727
23737
23740
23744
23749
23757
23759
23769
23770
23772
23778
23784
23787
23789
23805
23810
23811
23817
23835
23837
23840
23843
23845
23846
23850
23855
23861
23863
23869
23871
23889
23894
23895
23900
23907
23912
23916
23932
23939
23941
23943
23944
23955
23958
23962
23967
23974
23980
23981
23985
23987
23988
23995
24003
24008
24009
24010
24030
24044
24048
24050
24062
24063
24064
24068
24071
24072
24073
24074
24079
24080
24081
24090
24094
24096
24099
24107
24117
24118
24123
24126
24134
24136
24142
24151
24157
24161
24165
24167
24168
24172
24178
24183
24186
24192
24193
24203
24208
24213
24214
24222
24224
24225
24227
24229
24239
24252
24255
24274
24279
24288
24298
24301
24302
24319
24320
24326
24328
24331
24340
24343
24349
24357
24359
24365
24369
24379
24382
24383
24386
24388
24392
24394
24395
24397
24407
24412
24415
24416
24420
24433
24434
24435
24439
24441
24449
24453
24472
24476
24480
24482
24490
24491
24506
24516
24520
24523
24526
24527
24541
24545
24555
24560
24573
24574
24577
24581
24584
24600
24612
24623
24630
24633
24637
24639
24644
24645
24646
24650
24673
24678
24683
24684
24689
24691
24698
24713
24719
24737
24739
24740
24746
24751
24754
24759
24765
24769
24770
24771
24776
24779
24780
24788
24791
24805
24808
24816
24832
24833
24837
24841
24847
24849
24852
24858
24859
24862
24863
24864
24867
24869
24870
24877
24889
24896
24899
24900
24905
24906
24909
24912
24917
24924
24933
24938
24952
24953
24960
24962
24973
24979
24980
24988
24991
24998
25002
25006
25007
25018
25023
25026
25028
25034
25035
25040
25041
25052
25058
25061
25062
25070
25073
25076
25079
25082
25097
25102
25108
25114
25120
25127
25136
25137
25141
25145
25149
25157
25158
25176
25185
25198
25209
25216
25227
25234
25237
25242
25252
25259
25268
25270
25272
25274
25279
25286
25290
25291
25298
25301
25306
25317
25318
25323
25324
25335
25340
25341
25353
25356
25365
25372
25373
25376
25379
25381
25383
25389
25396
25398
25402
25405
25410
25436
25437
25445
25446
25459
25463
25466
25470
25475
25477
25480
25481
25489
25505
25513
25516
25521
25528
25536
25537
25554
25563
25578
25594
25597
25606
25608
25609
25615
25616
25622
25630
25633
25650
25656
25657
25665
25666
25671
25680
25681
25682
25686
25689
25691
25695
25696
25697
25699
25702
25706
25711
25712
25718
25732
25734
25739
25744
25748
25755
25770
25772
25773
25781
25783
25789
25797
25801
25805
25807
25808
25827
25828
25831
25833
25834
25844
25845
25850
25852
25855
25857
25861
25864
25868
25869
25871
25874
25880
25881
25884
25887
25897
25899
25923
25929
25931
25938
25940
25942
25943
25948
25950
25959
25967
25968
25977
25979
25981
25982
25984
25985
25988
25993
25999
26009
26011
26023
26024
26033
26047
26048
26049
26050
26053
26056
26060
26061
26075
26081
26082
26093
26098
26099
26104
26105
26106
26107
26109
26111
26114
26117
26118
26119
26122
26132
26138
26140
26141
26144
26146
26147
26153
26165
26166
26174
26176
26180
26181
26182
26190
26197
26202
26204
26217
26220
26234
26235
26236
26237
26239
26240
26248
26255
26257
26258
26262
26265
26270
26273
26274
26279
26288
26293
26297
26300
26309
26310
26332
26339
26341
26346
26356
26360
26365
26373
26389
26392
26398
26400
26402
26403
26409
26413
26422
26432
26446
26450
26451
26455
26471
26482
26485
26491
26493
26504
26506
26515
26518
26520
26524
26532
26533
26534
26537
26540
26547
26548
26555
26564
26590
26593
26598
26607
26610
26611
26621
26624
26626
26628
26633
26644
26652
26654
26669
26670
26671
26672
26685
26701
26704
26708
26710
26711
26712
26713
26718
26722
26726
26727
26732
26734
26735
26739
26740
26741
26744
26758
26763
26775
26778
26800
26806
26807
26808
26817
26824
26828
26838
26839
26840
26847
26849
26852
26857
26858
26869
26874
26888
26889
26890
26896
26897
26899
26910
26912
26913
26916
26917
26920
26930
26932
26958
26961
26962
26971
26982
26989
26995
26997
27008
27011
27025
27031
27041
27048
27050
27052
27053
27062
27065
27077
27079
27083
27087
27088
27089
27092
27096
27097
27099
27102
27111
27117
27118
27120
27124
27128
27131
27139
27144
27147
27149
27152
27155
27156
27157
27161
27170
27187
27195
27201
27213
27215
27218
27234
27238
27241
27242
27251
27255
27256
27270
27275
27291
27292
27298
27308
27310
27315
27316
27323
27325
27329
27330
27343
27346
27354
27370
27372
27377
27386
27389
27390
27394
27401
27402
27413
27414
27415
27416
27417
27429
27445
27451
27452
27456
27457
27460
27461
27464
27467
27482
27485
27500
27505
27520
27529
27532
27535
27543
27545
27546
27551
27553
27559
27566
27581
27591
27595
27604
27606
27608
27619
27628
27629
27641
27646
27650
27651
27655
27657
27658
27671
27683
27684
27686
27688
27693
27699
27716
27719
27720
27722
27730
27732
27736
27738
27747
27767
27777
27781
27790
27791
27792
27794
27795
27796
27808
27811
27813
27816
27823
27827
27830
27839
27841
27852
27855
27856
27857
27864
27884
27885
27886
27899
27904
27905
27906
27912
27919
27928
27929
27950
27951
27957
27962
27974
27978
27979
27980
27981
27986
27987
27992
27998
28003
28007
28013
28019
28025
28033
28039
28040
28049
28050
28064
28066
28068
28069
28076
28078
28083
28084
28091
28093
28097
28102
28103
28115
28116
28117
28118
28119
28120
28124
28125
28137
28147
28150
28151
28156
28159
28166
28171
28174
28184
28185
28187
28189
28190
28194
28198
28203
28205
28212
28216
28218
28219
28223
28227
28228
28230
28231
28237
28238
28239
28265
28277
28280
28286
28293
28295
28298
28302
28303
28310
28314
28316
28318
28320
28321
28335
28348
28353
28359
28368
28377
28384
28390
28412
28414
28426
28432
28436
28437
28444
28451
28466
28467
28478
28479
28486
28493
28498
28499
28504
28519
28521
28522
28523
28525
28526
28532
28534
28536
28546
28552
28555
28560
28561
28562
28567
28571
28572
28580
28597
28598
28605
28606
28621
28625
28630
28631
28632
28638
28650
28656
28657
28665
28668
28675
28679
28691
28694
28698
28700
28705
28707
28718
28719
28720
28728
28732
28739
28747
28756
28761
28765
28775
28781
28782
28788
28790
28792
28797
28812
28813
28825
28826
28832
28834
28839
28843
28855
28859
28878
28889
28893
28896
28903
28906
28909
28923
28925
28950
28954
28967
28970
28981
28993
28997
29002
29003
29011
29015
29020
29021
29027
29034
29038
29039
29045
29047
29053
29061
29065
29072
29074
29075
29078
29086
29087
29088
29089
29093
29094
29101
29106
29112
29120
29124
29136
29147
29160
29163
29169
29186
29189
29192
29197
29199
29202
29215
29217
29223
29230
29238
29241
29242
29244
29246
29249
29259
29276
29278
29284
29287
29289
29290
29295
29296
29298
29300
29305
29308
29316
29320
29328
29332
29347
29354
29355
29358
29362
29364
29366
29369
29376
29378
29384
29385
29387
29397
29398
29399
29406
29423
29424
29425
29427
29429
29433
29434
29436
29438
29442
29444
29445
29446
29447
29451
29457
29459
29461
29480
29483
29488
29492
29500
29501
29510
29511
29514
29517
29522
29524
29530
29532
29537
29541
29545
29546
29551
29556
29558
29560
29575
29591
29603
29604
29623
29627
29638
29641
29645
29656
29660
29667
29674
29676
29698
29711
29713
29718
29735
29740
29741
29743
29745
29747
29750
29755
29762
29767
29780
29784
29786
29796
29802
29807
29814
29821
29823
29825
29828
29832
29835
29843
29845
29846
29848
29849
29852
29862
29863
29868
29880
29884
29900
29914
29924
29925
29926
29927
29929
29930
29938
29939
29940
29941
29942
29952
29953
29976
29992
29996
30003
30006
30008
30009
30013
30014
30018
30022
30025
30030
30034
30036
30040
30049
30059
30062
30065
30074
30090
30100
30102
30104
30106
30107
30116
30117
30121
30126
30131
30133
30136
30142
30144
30162
30163
30164
30170
30181
30189
30193
30196
30198
30199
30210
30220
30221
30225
30227
30245
30249
30250
30256
30268
30280
30294
30297
30300
30303
30308
30316
30321
30328
30330
30334
30337
30339
30340
30342
30348
30350
30354
30355
30359
30374
30377
30387
30393
30405
30407
30408
30411
30413
30423
30424
30425
30426
30428
30429
30442
30448
30464
30470
30471
30475
30476
30485
30487
30489
30492
30493
30498
30503
30515
30520
30530
30531
30532
30542
30543
30550
30556
30558
30567
30572
30581
30585
30594
30595
30596
30602
30606
30611
30613
30615
30619
30620
30623
30632
30643
30644
30645
30647
30649
30652
30655
30659
30661
30666
30670
30671
30672
30681
30687
30705
30718
30719
30729
30735
30737
30740
30742
30746
30751
30758
30779
30801
30804
30810
30812
30817
30824
30829
30831
30832
30837
30840
30841
30842
30847
30849
30851
30855
30856
30859
30865
30874
30879
30881
30885
30887
30893
30899
30902
30907
30908
30919
30921
30930
30933
30939
30944
30946
30947
30953
30959
30961
30964
30965
30967
30970
30971
30976
30980
30991
30994
30995
30996
30997
30998
31000
31002
31003
31005
31006
31017
31018
31020
31024
31025
31026
31027
31028
31031
31034
31037
31039
31042
31047
31054
31055
31058
31063
31065
31067
31068
31070
31074
31077
31083
31084
31092
31094
31095
31103
31114
31115
31120
31134
31142
31155
31158
31162
31165
31168
31170
31181
31189
31191
31199
31203
31206
31211
31212
31226
31234
31235
31245
31250
31252
31254
31256
31260
31261
31270
31273
31274
31275
31280
31293
31295
31300
31307
31311
31314
31316
31319
31323
31324
31325
31341
31350
31354
31356
31362
31377
31386
31387
31420
31425
31426
31434
31435
31448
31450
31461
31463
31467
31469
31477
31480
31481
31483
31488
31504
31515
31517
31524
31525
31526
31537
31544
31550
31555
31557
31558
31559
31561
31573
31576
31580
31584
31591
31595
31602
31612
31613
31617
31625
31626
31629
31631
31633
31636
31644
31649
31650
31661
31662
31664
31665
31671
31685
31692
31693
31705
31709
31714
31715
31724
31729
31740
31744
31757
31761
31769
31774
31776
31780
31781
31787
31794
31800
31803
31821
31831
31836
31839
31844
31854
31861
31863
31865
31866
31872
31885
31889
31891
31893
31895
31903
31905
31915
31916
31918
31924
31926
31938
31952
31953
31954
31964
31975
31977
31978
31982
31986
31993
31998
32004
32005
32024
32027
32031
32038
32044
32047
32048
32051
32059
32060
32063
32068
32077
32081
32090
32092
32100
32108
32109
32121
32125
32129
32130
32136
32137
32140
32149
32162
32164
32174
32177
32178
32187
32190
32191
32192
32202
32206
32210
32211
32222
32228
32231
32234
32235
32238
32242
32248
32250
32252
32263
32281
32286
32287
32301
32307
32321
32323
32327
32330
32338
32343
32345
32347
32349
32350
32351
32359
32366
32371
32372
32378
32379
32380
32381
32383
32385
32389
32398
32402
32403
32409
32420
32426
32431
32437
32438
32448
32451
32456
32459
32462
32464
32470
32474
32486
32487
32492
32495
32505
32515
32520
32524
32525
32528
32536
32537
32543
32545
32546
32553
32554
32558
32559
32561
32569
32571
32579
32581
32587
32592
32595
32599
32605
32607
32615
32617
32622
32626
32628
32635
32650
32663
32666
32668
32671
32675
32677
32684
32687
32698
32700
32711
32714
32730
32736
32737
32740
32745
32746
32751
32756
32758
32765
32775
32777
32778
32784
32788
32789
32795
32796
32809
32811
32812
32819
32821
32826
32831
32842
32846
32850
32852
32866
32867
32876
32879
32882
32883
32884
32893
32897
32900
32902
32908
32910
32912
32913
32914
32919
32923
32931
32944
32949
32951
32956
32962
32963
32964
32971
32981
32988
32992
33005
33009
33013
33018
33027
33029
33034
33036
33041
33046
33049
33052
33054
33064
33070
33071
33072
33073
33089
33090
33093
33095
33098
33106
33107
33111
33116
33120
33125
33137
33155
33163
33169
33173
33175
33193
33201
33204
33207
33208
33224
33226
33234
33240
33241
33252
33255
33263
33268
33274
33291
33295
33300
33317
33326
33327
33334
33337
33343
33347
33353
33356
33358
33361
33363
33365
33375
33388
33390
33393
33400
33403
33404
33405
33409
33419
33421
33423
33427
33431
33434
33436
33437
33438
33453
33473
33474
33477
33489
33495
33496
33500
33512
33514
33521
33523
33546
33549
33550
33554
33556
33563
33565
33567
33571
33577
33582
33590
33591
33593
33609
33622
33624
33627
33628
33629
33630
33631
33633
33635
33648
33650
33660
33668
33670
33673
33684
33689
33690
33691
33697
33699
33702
33713
33723
33724
33726
33733
33734
33745
33752
33764
33774
33782
33787
33789
33797
33799
33801
33821
33822
33824
33840
33843
33845
33846
33859
33863
33879
33892
33896
33903
33909
33916
33917
33929
33941
33947
33955
33956
33961
33967
34001
34008
34012
34020
34027
34037
34039
34045
34048
34051
34055
34066
34075
34078
34083
34086
34089
34098
34099
34110
34118
34119
34120
34126
34133
34152
34154
34155
34156
34158
34161
34169
34171
34183
34185
34192
34208
34211
34220
34221
34225
34230
34234
34236
34240
34245
34248
34263
34264
34267
34270
34275
34277
34290
34295
34304
34317
34326
34333
34334
34342
34349
34350
34358
34359
34361
34368
34373
34378
34379
34381
34382
34383
34388
34400
34402
34404
34408
34409
34412
34415
34418
34422
34427
34434
34435
34436
34440
34448
34458
34465
34475
34476
34484
34486
34488
34489
34492
34495
34505
34508
34514
34515
34520
34528
34534
34543
34544
34547
34555
34556
34557
34569
34576
34580
34589
34595
34600
34602
34603
34608
34611
34621
34623
34628
34632
34636
34637
34641
34644
34648
34650
34652
34657
34663
34667
34670
34677
34678
34679
34682
34685
34690
34692
34695
34696
34701
34702
34705
34707
34711
34712
34717
34718
34720
34722
34725
34726
34732
34740
34744
34763
34764
34766
34772
34773
34794
34796
34809
34811
34820
34821
34823
34829
34830
34835
34837
34846
34848
34850
34852
34853
34858
34859
34865
34868
34872
34875
34877
34878
34880
34881
34882
34883
34890
34892
34896
34915
34923
34926
34935
34941
34948
34950
34956
34957
34975
34978
34979
34983
34986
34987
34992
35000
35001
35004
35007
35013
35015
35017
35020
35026
35029
35031
35037
35040
35043
35050
35062
35075
35076
35077
35083
35084
35085
35087
35092
35095
35103
35114
35125
35131
35132
35141
35148
35151
35156
35158
35165
35166
35168
35169
35183
35184
35188
35202
35204
35207
35218
35233
35237
35240
35241
35242
35244
35250
35267
35273
35283
35288
35290
35297
35300
35301
35302
35312
35313
35315
35322
35327
35335
35336
35341
35343
35353
35362
35363
35366
35370
35376
35381
35388
35392
35394
35404
35405
35412
35414
35418
35421
35425
35433
35435
35436
35439
35441
35444
35449
35454
35460
35478
35480
35487
35488
35491
35493
35498
35501
35505
35506
35509
35520
35526
35533
35537
35545
35547
35552
35556
35557
35565
35569
35574
35580
35582
35589
35592
35593
35611
35612
35619
35621
35625
35633
35634
35645
35647
35651
35660
35661
35678
35684
35691
35696
35700
35701
35702
35703
35706
35708
35710
35711
35713
35715
35720
35723
35725
35726
35728
35737
35742
35752
35759
35765
35768
35769
35771
35772
35774
35780
35782
35791
35800
35810
35812
35815
35817
35818
35821
35826
35840
35847
35849
35853
35854
35857
35859
35861
35880
35889
35898
35901
35904
35906
35911
35913
35914
35919
35920
35921
35924
35933
35935
35938
35943
35944
35950
35952
35954
35963
35968
35970
35972
35975
35983
35988
35992
35996
36004
36011
36012
36019
36020
36027
36033
36035
36038
36039
36043
36050
36051
36057
36062
36081
36083
36085
36087
36092
36103
36111
36114
36117
36133
36140
36145
36146
36150
36155
36158
36159
36160
36163
36164
36173
36179
36188
36194
36197
36213
36217
36219
36227
36230
36236
36240
36242
36246
36248
36249
36251
36257
36261
36263
36269
36272
36282
36294
36299
36301
36303
36305
36317
36319
36321
36330
36331
36336
36347
36358
36360
36361
36363
36372
36375
36377
36381
36386
36388
36392
36403
36407
36408
36410
36414
36419
36430
36433
36436
36444
36446
36447
36455
36464
36466
36472
36473
36479
36481
36491
36500
36502
36515
36517
36521
36523
36526
36532
36537
36541
36547
36565
36567
36569
36575
36576
36578
36579
36580
36589
36591
36593
36595
36600
36605
36610
36614
36625
36629
36632
36639
36641
36643
36645
36655
36658
36664
36666
36676
36678
36684
36693
36696
36698
36702
36706
36712
36718
36720
36724
36739
36743
36747
36755
36756
36759
36766
36767
36771
36772
36779
36788
36791
36793
36797
36800
36804
36813
36822
36824
36827
36828
36834
36842
36851
36859
36863
36866
36868
36872
36875
36878
36882
36883
36884
36889
36890
36907
36910
36922
36925
36927
36929
36934
36935
36937
36938
36939
36947
36949
36957
36958
36973
36974
36980
36985
36988
36990
36995
36999
37012
37023
37037
37038
37043
37044
37050
37057
37060
37065
37070
37072
37091
37094
37097
37105
37109
37111
37122
37126
37130
37132
37134
37136
37139
37141
37143
37145
37152
37158
37169
37173
37174
37175
37179
37180
37183
37188
37190
37191
37215
37246
37247
37249
37250
37253
37265
37272
37282
37284
37292
37294
37295
37296
37297
37316
37318
37320
37324
37329
37341
37349
37353
37355
37364
37371
37372
37376
37379
37381
37382
37383
37387
37390
37391
37406
37409
37415
37418
37428
37431
37432
37436
37455
37456
37461
37482
37491
37492
37497
37502
37515
37516
37517
37535
37545
37549
37559
37565
37566
37578
37597
37598
37600
37601
37607
37619
37620
37621
37622
37623
37633
37634
37640
37647
37662
37668
37672
37678
37683
37688
37689
37700
37701
37704
37706
37708
37722
37723
37728
37734
37735
37740
37744
37746
37750
37752
37759
37760
37765
37766
37773
37774
37776
37779
37793
37804
37808
37818
37819
37823
37831
37845
37853
37861
37864
37865
37867
37869
37872
37877
37884
37885
37902
37910
37914
37917
37921
37923
37952
37958
37961
37962
37966
37979
37982
37987
37993
37994
37995
38002
38003
38009
38010
38021
38022
38034
38038
38042
38050
38053
38065
38076
38086
38089
38094
38097
38104
38110
38113
38122
38124
38131
38134
38137
38142
38144
38147
38148
38154
38161
38165
38170
38173
38176
38177
38178
38180
38185
38188
38190
38191
38200
38202
38216
38217
38219
38222
38224
38226
38244
38252
38258
38259
38268
38270
38284
38285
38294
38304
38317
38319
38331
38336
38342
38345
38353
38364
38370
38371
38373
38378
38380
38381
38382
38390
38391
38395
38397
38399
38401
38404
38420
38423
38425
38440
38443
38444
38458
38471
38472
38484
38485
38499
38501
38504
38505
38511
38512
38537
38545
38547
38548
38555
38564
38566
38572
38575
38580
38586
38590
38593
38614
38621
38627
38628
38629
38633
38635
38637
38640
38661
38666
38675
38678
38688
38690
38691
38692
38694
38698
38707
38722
38725
38728
38738
38748
38756
38758
38770
38772
38773
38774
38778
38779
38786
38787
38790
38794
38804
38810
38814
38815
38816
38828
38830
38839
38844
38852
38853
38855
38862
38866
38872
38878
38881
38885
38895
38899
38909
38910
38914
38923
38926
38929
38948
38958
38960
38967
38971
38988
38989
38990
38996
38997
39005
39014
39021
39028
39031
39042
39044
39052
39064
39066
39072
39083
39086
39087
39090
39091
39093
39097
39098
39103
39105
39106
39109
39114
39115
39118
39128
39132
39138
39146
39147
39149
39166
39174
39184
39191
39193
39196
39197
39199
39214
39221
39225
39235
39236
39240
39245
39250
39252
39254
39256
39257
39258
39262
39270
39276
39280
39281
39293
39297
39298
39303
39305
39314
39317
39321
39337
39346
39354
39364
39367
39369
39371
39375
39380
39383
39385
39392
39399
39400
39402
39415
39418
39422
39423
39428
39438
39440
39461
39465
39466
39467
39476
39478
39486
39490
39493
39498
39499
39506
39509
39512
39514
39515
39517
39524
39544
39548
39557
39558
39563
39565
39572
39573
39577
39583
39587
39588
39589
39597
39598
39601
39604
39613
39614
39619
39621
39635
39639
39642
39645
39660
39663
39667
39672
39679
39682
39685
39686
39694
39697
39703
39709
39711
39715
39720
39721
39722
39731
39733
39734
39736
39738
39739
39741
39743
39750
39760
39771
39772
39773
39778
39780
39782
39793
39805
39806
39810
39811
39822
39831
39843
39844
39856
39865
39868
39869
39873
39888
39889
39902
39916
39926
39928
39930
39938
39949
39951
39959
39962
39963
39968
39978
39980
39982
39984
39988
39989
39990
39995
39996
39997
39998
40003
40005
40009
40011
40016
40020
40022
40038
40042
40049
40053
40056
40058
40059
40061
40071
40073
40076
40087
40095
40105
40124
40125
40127
40131
40133
40136
40140
40144
40153
40159
40160
40164
40168
40172
40176
40182
40186
40191
40192
40200
40201
40203
40204
40210
40219
40221
40233
40235
40237
40238
40240
40245
40255
40262
40267
40270
40271
40272
40275
40276
40294
40298
40319
40323
40335
40356
40359
40363
40376
40387
40393
40396
40403
40404
40405
40415
40422
40423
40426
40432
40434
40437
40454
40457
40464
40475
40479
40482
40486
40488
40492
40493
40498
40500
40501
40518
40520
40530
40543
40548
40552
40556
40557
40566
40567
40576
40579
40582
40589
40591
40593
40594
40606
40607
40609
40619
40622
40623
40629
40639
40653
40664
40677
40683
40686
40687
40696
40698
40704
40707
40714
40717
40719
40731
40743
40744
40755
40759
40772
40783
40785
40790
40792
40795
40801
40807
40809
40816
40820
40822
40828
40829
40840
40842
40846
40851
40852
40854
40856
40875
40876
40878
40892
40894
40900
40901
40905
40906
40911
40912
40931
40938
40942
40944
40946
40961
40964
40977
40984
40985
40986
40991
40992
40997
41001
41010
41016
41025
41031
41032
41036
41037
41038
41046
41048
41049
41056
41081
41084
41086
41091
41092
41101
41102
41107
41109
41111
41119
41121
41128
41147
41148
41155
41156
41161
41164
41167
41174
41181
41191
41194
41202
41205
41215
41219
41223
41229
41243
41244
41247
41249
41255
41257
41268
41269
41274
41279
41280
41286
41289
41302
41304
41307
41313
41320
41326
41329
41333
41336
41349
41350
41355
41356
41358
41365
41371
41376
41387
41389
41390
41392
41408
41415
41422
41423
41427
41430
41436
41444
41462
41484
41489
41494
41497
41499
41503
41509
41514
41516
41533
41537
41542
41552
41562
41578
41579
41582
41585
41587
41590
41591
41592
41598
41599
41600
41611
41620
41629
41640
41646
41647
41651
41671
41677
41679
41691
41693
41694
41695
41696
41702
41705
41710
41722
41726
41735
41738
41739
41740
41745
41747
41755
41776
41777
41780
41787
41788
41793
41795
41798
41799
41806
41808
41818
41819
41822
41834
41854
41859
41863
41864
41881
41890
41895
41896
41898
41906
41914
41917
41918
41920
41922
41926
41929
41932
41944
41950
41953
41959
41961
41963
41969
41976
41982
41985
41992
41995
41997
41998
41999
42000
42004
42006
42011
42012
42034
42048
42053
42064
42065
42067
42070
42076
42084
42094
42100
42102
42109
42112
42114
42116
42117
42123
42124
42125
42126
42130
42136
42137
42139
42140
42142
42144
42145
42151
42166
42176
42184
42185
42193
42194
42196
42199
42208
42209
42215
42220
42226
42227
42230
42232
42237
42239
42241
42243
42248
42251
42252
42262
42263
42268
42270
42274
42276
42277
42278
42287
42290
42292
42293
42294
42296
42300
42301
42311
42317
42321
42322
42340
42341
42343
42345
42346
42348
42352
42353
42354
42355
42358
42363
42380
42386
42391
42392
42412
42413
42418
42419
42422
42425
42426
42432
42435
42437
42441
42460
42462
42465
42472
42482
42484
42489
42490
42492
42494
42498
42500
42511
42524
42528
42532
42539
42552
42553
42554
42564
42565
42566
42571
42581
42584
42592
42597
42615
42616
42624
42628
42639
42641
42657
42659
42663
42665
42667
42671
42680
42686
42702
42704
42706
42714
42715
42717
42721
42730
42731
42738
42741
42742
42750
42758
42763
42768
42771
42783
42785
42792
42797
42799
42801
42809
42810
42814
42822
42827
42839
42851
42853
42855
42861
42863
42869
42879
42887
42892
42898
42906
42910
42915
42917
42924
42927
42932
42937
42938
42942
42950
42953
42965
42968
42982
42991
42992
43009
43014
43020
43021
43028
43030
43035
43038
43039
43043
43044
43045
43046
43053
43058
43060
43077
43079
43082
43084
43090
43091
43094
43096
43097
43112
43114
43116
43120
43122
43123
43125
43126
43127
43132
43136
43142
43143
43146
43147
43154
43159
43160
43161
43162
43170
43173
43195
43197
43198
43208
43211
43220
43229
43248
43249
43254
43255
43260
43265
43273
43280
43281
43290
43297
43298
43301
43307
43315
43324
43327
43331
43333
43352
43356
43357
43361
43365
43366
43372
43375
43380
43389
43397
43398
43417
43424
43430
43442
43445
43452
43454
43464
43467
43471
43474
43477
43488
43497
43498
43508
43511
43512
43518
43522
43539
43541
43543
43545
43555
43565
43569
43578
43595
43601
43609
43615
43628
43631
43632
43641
43646
43651
43665
43666
43667
43668
43671
43681
43684
43689
43697
43707
43710
43722
43725
43743
43752
43754
43765
43767
43773
43774
43782
43787
43788
43806
43807
43812
43816
43818
43819
43835
43843
43850
43863
43865
43870
43875
43876
43879
43884
43895
43901
43903
43904
43917
43921
43926
43928
43929
43936
43944
43984
43985
44002
44003
44005
44019
44027
44033
44040
44049
44051
44057
44069
44071
44072
44078
44079
44088
44096
44102
44104
44117
44121
44122
44124
44136
44137
44141
44155
44161
44167
44176
44186
44192
44202
44206
44207
44211
44226
44230
44234
44239
44244
44250
44258
44263
44266
44270
44281
44288
44289
44290
44296
44304
44321
44325
44328
44335
44339
44343
44356
44358
44363
44365
44368
44369
44371
44378
44385
44388
44396
44401
44410
44415
44422
44425
44426
44434
44437
44439
44440
44445
44447
44448
44455
44471
44474
44479
44482
44500
44502
44503
44504
44512
44514
44518
44522
44524
44532
44533
44541
44542
44547
44552
44556
44558
44563
44567
44579
44600
44602
44603
44610
44611
44613
44617
44621
44637
44638
44649
44662
44665
44674
44687
44691
44693
44702
44708
44709
44716
44731
44744
44745
44752
44759
44776
44790
44791
44792
44797
44798
44803
44815
44816
44822
44834
44835
44842
44844
44849
44854
44855
44856
44859
44860
44879
44901
44903
44905
44906
44910
44918
44928
44931
44933
44941
44960
44961
44965
44974
44979
44984
45001
45002
45005
45012
45032
45046
45047
45048
45052
45067
45068
45069
45073
45081
45084
45086
45098
45106
45109
45110
45111
14
9
14
54
90
109
130
183
230
265
288
304
332
393
428
