603
5
6
9
10
15
20
29
31
32
34
37
44
53
54
55
57
62
63
70
74
77
79
84
85
89
92
93
95
100
101
105
111
113
114
122
126
129
135
136
137
139
140
144
152
153
155
156
160
164
166
171
180
181
184
185
186
187
191
194
195
196
197
201
203
204
206
216
220
222
229
230
234
237
240
243
244
258
259
260
261
262
263
264
266
267
269
277
278
286
288
295
296
304
311
313
315
316
317
318
320
322
330
333
338
342
343
349
354
360
368
375
378
382
395
396
397
399
400
407
409
410
420
425
426
432
433
443
444
446
447
450
459
460
464
466
468
472
473
478
479
484
486
489
490
491
492
497
498
499
501
509
512
522
527
529
534
538
539
543
546
547
548
549
550
551
552
553
559
566
567
569
572
573
580
581
585
591
595
605
608
612
615
619
621
623
631
636
638
639
640
641
642
643
645
657
659
660
661
662
665
666
669
671
674
678
679
691
692
697
698
700
703
706
708
714
717
719
722
730
732
733
734
735
737
738
739
740
745
748
759
764
766
771
772
774
776
777
780
781
798
799
800
806
811
812
813
815
819
820
821
824
828
830
833
834
835
837
838
840
841
844
846
848
849
853
858
860
861
863
865
877
878
879
881
883
886
888
891
893
894
895
896
905
907
910
911
914
917
920
922
926
934
937
944
948
952
953
960
962
965
968
969
974
976
977
978
985
987
988
990
991
994
995
998
1001
1003
1005
1006
1007
1012
1016
1019
1020
1021
1023
1032
1035
1036
1037
1039
1043
1044
1047
1048
1049
1055
1056
1058
1060
1063
1064
1065
1068
1074
1075
1079
1083
1084
1086
1092
1098
1100
1105
1110
1111
1120
1123
1132
1138
1143
1144
1146
1155
1160
1162
1165
1167
1171
1173
1175
1186
1187
1190
1194
1198
1200
1201
1205
1206
1208
1212
1218
1219
1220
1226
1231
1233
1234
1238
1240
1247
1248
1249
1254
1258
1262
1271
1274
1277
1279
1287
1289
1291
1293
1294
1302
1303
1305
1308
1309
1311
1313
1314
1316
1317
1320
1331
1339
1343
1345
1346
1348
1349
1351
1352
1353
1354
1355
1357
1360
1361
1364
1369
1370
1372
1373
1374
1376
1378
1379
1386
1387
1388
1392
1393
1394
1395
1396
1397
1399
1400
1402
1412
1422
1426
1434
1436
1437
1440
1441
1444
1445
1448
1449
1450
1451
1454
1455
1456
1457
1458
1460
1466
1469
1472
1477
1483
1485
1490
1491
1494
1497
1498
1502
1506
1508
1509
1516
1517
1518
1521
1531
1534
1535
1536
1537
1542
1543
1544
1555
1560
1562
1563
1564
1565
1569
1572
1575
1581
1586
1590
1598
1601
1603
1612
1613
1615
1617
1620
1624
1626
1627
1633
1637
1638
1643
1647
1648
1649
1650
1657
1662
1664
1665
1670
1672
1674
1678
1683
1691
1692
1696
1697
1698
1699
1708
1714
1719
1720
1723
1725
1726
1729
1732
1737
1738
1739
1743
1745
1749
1750
1752
1757
1759
1760
1766
1767
1768
1772
1774
1776
1777
1778
1779
1781
1786
1787
1788
1791
1794
1796
1798
1800
1801
1803
1808
1809
1814
1815
1818
1819
1820
1822
1824
1825
1826
1828
1832
1834
1843
1847
1853
1855
38
5
9
19
20
26
33
42
45
58
59
62
67
71
73
76
77
79
82
84
85
96
99
107
109
110
111
114
116
120
122
133
134
136
150
151
153
154
159
