127
5
8
9
97
159
162
165
189
208
215
241
263
289
293
298
356
362
370
372
375
419
429
450
468
481
518
523
597
642
651
667
672
679
681
727
742
761
770
777
782
804
842
869
871
876
883
988
993
1026
1075
1137
1165
1169
1183
1190
1195
1203
1213
1228
1233
1250
1256
1260
1280
1285
1296
1300
1301
1370
1371
1379
1382
1395
1410
1426
1464
1472
1496
1498
1529
1534
1552
1568
1571
1574
1643
1657
1665
1673
1685
1716
1742
1773
1814
1818
1843
1845
1849
1864
1877
1899
1902
1913
1915
1917
1977
2033
2047
2056
2060
2120
2142
2168
2169
2189
2204
2231
2293
2324
2334
2346
2407
2409
2423
2438
2443
2446
7
8
34
48
86
101
112
161
