610
0
2
3
4
8
11
12
16
17
18
20
22
28
34
38
39
43
46
56
57
59
61
65
67
69
73
88
91
92
93
95
100
102
105
107
108
115
119
120
123
125
132
133
134
137
140
141
147
149
150
154
155
156
157
159
161
167
173
176
181
185
189
191
192
195
198
205
207
210
215
218
221
224
225
226
229
232
233
234
236
238
240
241
243
251
253
254
259
260
265
270
272
273
275
276
277
282
283
284
287
290
292
294
300
303
305
315
320
321
324
326
328
332
336
338
341
342
345
347
348
349
355
356
362
365
369
371
372
374
376
378
379
380
384
387
394
397
401
402
403
404
407
408
411
412
415
418
419
430
431
432
437
438
440
441
443
445
451
452
454
455
456
461
463
466
467
468
471
475
483
485
486
487
488
496
499
503
504
506
507
508
510
512
517
520
526
527
528
535
537
539
540
542
547
548
550
551
560
564
565
566
568
570
578
582
588
590
593
598
600
603
604
605
606
609
612
613
615
621
622
625
630
631
632
638
639
642
647
652
653
654
666
667
668
670
674
676
678
679
680
682
684
689
694
696
698
700
701
702
703
704
705
708
709
715
718
722
723
724
725
729
734
738
742
745
753
757
758
761
763
764
765
768
776
780
785
791
792
795
796
801
802
807
808
811
812
818
819
820
824
825
826
832
834
838
842
843
844
847
848
849
851
852
855
856
857
864
866
869
872
873
875
876
879
880
882
883
884
886
891
893
897
898
899
902
907
909
910
913
915
917
919
923
925
927
928
932
936
938
939
941
946
952
953
958
960
961
962
966
968
972
973
977
978
981
982
983
984
988
989
992
996
997
1001
1004
1005
1006
1007
1009
1011
1019
1020
1021
1025
1026
1027
1030
1035
1036
1040
1043
1047
1049
1050
1052
1059
1060
1062
1064
1067
1070
1071
1074
1076
1077
1078
1079
1080
1081
1088
1089
1090
1091
1098
1101
1102
1103
1104
1109
1110
1111
1122
1130
1131
1137
1141
1142
1143
1144
1145
1148
1149
1152
1153
1155
1158
1159
1162
1167
1168
1170
1177
1178
1180
1181
1182
1183
1184
1186
1187
1188
1189
1195
1197
1198
1199
1201
1203
1204
1205
1209
1211
1212
1216
1217
1219
1225
1227
1228
1229
1230
1231
1233
1234
1238
1239
1242
1246
1248
1250
1251
1255
1259
1260
1264
1267
1269
1273
1275
1279
1280
1282
1284
1296
1297
1299
1305
1306
1310
1312
1315
1316
1317
1322
1323
1326
1327
1330
1332
1334
1337
1338
1340
1342
1344
1346
1349
1352
1353
1354
1360
1361
1362
1364
1366
1370
1371
1378
1380
1381
1385
1390
1393
1395
1396
1398
1401
1402
1404
1406
1409
1410
1413
1415
1418
1420
1422
1423
1424
1425
1426
1427
1429
1430
1431
1437
1438
1441
1443
1444
1446
1447
1449
1451
1453
1457
1458
1459
1460
1461
1463
1465
1466
1468
1469
1470
1472
1474
1475
1476
1478
1480
1484
1485
1487
1490
1491
1494
1495
1497
1501
1506
1512
1513
1514
1518
1521
1525
1531
1532
1535
1541
1542
1545
1547
1548
1564
1566
1567
1571
1572
1573
1576
1579
1583
1586
1590
1591
1599
1600
104
0
1
2
4
5
7
8
9
16
19
21
25
26
36
39
42
47
53
54
63
68
70
71
72
73
77
79
85
88
95
97
98
102
103
115
124
125
126
132
138
146
148
149
150
153
158
162
167
170
171
173
174
176
182
186
187
188
191
192
196
197
199
211
212
219
228
240
241
244
248
252
255
256
257
265
266
273
276
281
283
288
292
295
296
300
301
305
308
311
324
327
334
341
342
343
351
354
358
364
365
374
376
378
379
